/*--------------------------------*- C++ -*----------------------------------*\
| =========                 |                                                 |
| \\      /  F ield         | OpenFOAM: The Open Source CFD Toolbox           |
|  \\    /   O peration     | Version:  2312                                  |
|   \\  /    A nd           | Website:  www.openfoam.com                      |
|    \\/     M anipulation  |                                                 |
\*---------------------------------------------------------------------------*/
FoamFile
{
    version     2.0;
    format      ascii;
    arch        "LSB;label=32;scalar=64";
    class       vectorField;
    location    "constant/polyMesh";
    object      points;
}
// * * * * * * * * * * * * * * * * * * * * * * * * * * * * * * * * * * * * * //


2562
(
(0 -20 0)
(0 -20 1)
(0 -18 0)
(0 -18 1)
(0 -16 0)
(0 -16 1)
(0 -14 0)
(0 -14 1)
(0 -12 0)
(0 -12 1)
(0 -10 0)
(0 -10 1)
(0 -8 0)
(0 -8 1)
(0 -6 0)
(0 -6 1)
(0 -4 0)
(0 -4 1)
(0 -2 0)
(0 -2 1)
(0 0 0)
(0 0 1)
(0 2 0)
(0 2 1)
(0 4 0)
(0 4 1)
(0 6 0)
(0 6 1)
(0 8 0)
(0 8 1)
(0 10 0)
(0 10 1)
(0 12 0)
(0 12 1)
(0 14 0)
(0 14 1)
(0 16 0)
(0 16 1)
(0 18 0)
(0 18 1)
(0 20 0)
(0 20 1)
(0.682627 -20 -0.47798)
(0.682627 -20 0.52202)
(0.682627 -18 -0.47798)
(0.682627 -18 0.52202)
(0.682627 -16 -0.47798)
(0.682627 -16 0.52202)
(0.682627 -14 -0.47798)
(0.682627 -14 0.52202)
(0.682627 -12 -0.47798)
(0.682627 -12 0.52202)
(0.682627 -10 -0.47798)
(0.682627 -10 0.52202)
(0.682627 -8 -0.47798)
(0.682627 -8 0.52202)
(0.682627 -6 -0.47798)
(0.682627 -6 0.52202)
(0.682627 -4 -0.47798)
(0.682627 -4 0.52202)
(0.682627 -2 -0.47798)
(0.682627 -2 0.52202)
(0.682627 0 -0.47798)
(0.682627 0 0.52202)
(0.682627 2 -0.47798)
(0.682627 2 0.52202)
(0.682627 4 -0.47798)
(0.682627 4 0.52202)
(0.682627 6 -0.47798)
(0.682627 6 0.52202)
(0.682627 8 -0.47798)
(0.682627 8 0.52202)
(0.682627 10 -0.47798)
(0.682627 10 0.52202)
(0.682627 12 -0.47798)
(0.682627 12 0.52202)
(0.682627 14 -0.47798)
(0.682627 14 0.52202)
(0.682627 16 -0.47798)
(0.682627 16 0.52202)
(0.682627 18 -0.47798)
(0.682627 18 0.52202)
(0.682627 20 -0.47798)
(0.682627 20 0.52202)
(1.36525 -20 -0.955961)
(1.36525 -20 0.0440393)
(1.36525 -18 -0.955961)
(1.36525 -18 0.0440393)
(1.36525 -16 -0.955961)
(1.36525 -16 0.0440393)
(1.36525 -14 -0.955961)
(1.36525 -14 0.0440393)
(1.36525 -12 -0.955961)
(1.36525 -12 0.0440393)
(1.36525 -10 -0.955961)
(1.36525 -10 0.0440393)
(1.36525 -8 -0.955961)
(1.36525 -8 0.0440393)
(1.36525 -6 -0.955961)
(1.36525 -6 0.0440393)
(1.36525 -4 -0.955961)
(1.36525 -4 0.0440393)
(1.36525 -2 -0.955961)
(1.36525 -2 0.0440393)
(1.36525 0 -0.955961)
(1.36525 0 0.0440393)
(1.36525 2 -0.955961)
(1.36525 2 0.0440393)
(1.36525 4 -0.955961)
(1.36525 4 0.0440393)
(1.36525 6 -0.955961)
(1.36525 6 0.0440393)
(1.36525 8 -0.955961)
(1.36525 8 0.0440393)
(1.36525 10 -0.955961)
(1.36525 10 0.0440393)
(1.36525 12 -0.955961)
(1.36525 12 0.0440393)
(1.36525 14 -0.955961)
(1.36525 14 0.0440393)
(1.36525 16 -0.955961)
(1.36525 16 0.0440393)
(1.36525 18 -0.955961)
(1.36525 18 0.0440393)
(1.36525 20 -0.955961)
(1.36525 20 0.0440393)
(2.04788 -20 -1.43394)
(2.04788 -20 -0.433941)
(2.04788 -18 -1.43394)
(2.04788 -18 -0.433941)
(2.04788 -16 -1.43394)
(2.04788 -16 -0.433941)
(2.04788 -14 -1.43394)
(2.04788 -14 -0.433941)
(2.04788 -12 -1.43394)
(2.04788 -12 -0.433941)
(2.04788 -10 -1.43394)
(2.04788 -10 -0.433941)
(2.04788 -8 -1.43394)
(2.04788 -8 -0.433941)
(2.04788 -6 -1.43394)
(2.04788 -6 -0.433941)
(2.04788 -4 -1.43394)
(2.04788 -4 -0.433941)
(2.04788 -2 -1.43394)
(2.04788 -2 -0.433941)
(2.04788 0 -1.43394)
(2.04788 0 -0.433941)
(2.04788 2 -1.43394)
(2.04788 2 -0.433941)
(2.04788 4 -1.43394)
(2.04788 4 -0.433941)
(2.04788 6 -1.43394)
(2.04788 6 -0.433941)
(2.04788 8 -1.43394)
(2.04788 8 -0.433941)
(2.04788 10 -1.43394)
(2.04788 10 -0.433941)
(2.04788 12 -1.43394)
(2.04788 12 -0.433941)
(2.04788 14 -1.43394)
(2.04788 14 -0.433941)
(2.04788 16 -1.43394)
(2.04788 16 -0.433941)
(2.04788 18 -1.43394)
(2.04788 18 -0.433941)
(2.04788 20 -1.43394)
(2.04788 20 -0.433941)
(2.73051 -20 -1.91192)
(2.73051 -20 -0.911921)
(2.73051 -18 -1.91192)
(2.73051 -18 -0.911921)
(2.73051 -16 -1.91192)
(2.73051 -16 -0.911921)
(2.73051 -14 -1.91192)
(2.73051 -14 -0.911921)
(2.73051 -12 -1.91192)
(2.73051 -12 -0.911921)
(2.73051 -10 -1.91192)
(2.73051 -10 -0.911921)
(2.73051 -8 -1.91192)
(2.73051 -8 -0.911921)
(2.73051 -6 -1.91192)
(2.73051 -6 -0.911921)
(2.73051 -4 -1.91192)
(2.73051 -4 -0.911921)
(2.73051 -2 -1.91192)
(2.73051 -2 -0.911921)
(2.73051 0 -1.91192)
(2.73051 0 -0.911921)
(2.73051 2 -1.91192)
(2.73051 2 -0.911921)
(2.73051 4 -1.91192)
(2.73051 4 -0.911921)
(2.73051 6 -1.91192)
(2.73051 6 -0.911921)
(2.73051 8 -1.91192)
(2.73051 8 -0.911921)
(2.73051 10 -1.91192)
(2.73051 10 -0.911921)
(2.73051 12 -1.91192)
(2.73051 12 -0.911921)
(2.73051 14 -1.91192)
(2.73051 14 -0.911921)
(2.73051 16 -1.91192)
(2.73051 16 -0.911921)
(2.73051 18 -1.91192)
(2.73051 18 -0.911921)
(2.73051 20 -1.91192)
(2.73051 20 -0.911921)
(3.41313 -20 -2.3899)
(3.41313 -20 -1.3899)
(3.41313 -18 -2.3899)
(3.41313 -18 -1.3899)
(3.41313 -16 -2.3899)
(3.41313 -16 -1.3899)
(3.41313 -14 -2.3899)
(3.41313 -14 -1.3899)
(3.41313 -12 -2.3899)
(3.41313 -12 -1.3899)
(3.41313 -10 -2.3899)
(3.41313 -10 -1.3899)
(3.41313 -8 -2.3899)
(3.41313 -8 -1.3899)
(3.41313 -6 -2.3899)
(3.41313 -6 -1.3899)
(3.41313 -4 -2.3899)
(3.41313 -4 -1.3899)
(3.41313 -2 -2.3899)
(3.41313 -2 -1.3899)
(3.41313 0 -2.3899)
(3.41313 0 -1.3899)
(3.41313 2 -2.3899)
(3.41313 2 -1.3899)
(3.41313 4 -2.3899)
(3.41313 4 -1.3899)
(3.41313 6 -2.3899)
(3.41313 6 -1.3899)
(3.41313 8 -2.3899)
(3.41313 8 -1.3899)
(3.41313 10 -2.3899)
(3.41313 10 -1.3899)
(3.41313 12 -2.3899)
(3.41313 12 -1.3899)
(3.41313 14 -2.3899)
(3.41313 14 -1.3899)
(3.41313 16 -2.3899)
(3.41313 16 -1.3899)
(3.41313 18 -2.3899)
(3.41313 18 -1.3899)
(3.41313 20 -2.3899)
(3.41313 20 -1.3899)
(4.09576 -20 -2.86788)
(4.09576 -20 -1.86788)
(4.09576 -18 -2.86788)
(4.09576 -18 -1.86788)
(4.09576 -16 -2.86788)
(4.09576 -16 -1.86788)
(4.09576 -14 -2.86788)
(4.09576 -14 -1.86788)
(4.09576 -12 -2.86788)
(4.09576 -12 -1.86788)
(4.09576 -10 -2.86788)
(4.09576 -10 -1.86788)
(4.09576 -8 -2.86788)
(4.09576 -8 -1.86788)
(4.09576 -6 -2.86788)
(4.09576 -6 -1.86788)
(4.09576 -4 -2.86788)
(4.09576 -4 -1.86788)
(4.09576 -2 -2.86788)
(4.09576 -2 -1.86788)
(4.09576 0 -2.86788)
(4.09576 0 -1.86788)
(4.09576 2 -2.86788)
(4.09576 2 -1.86788)
(4.09576 4 -2.86788)
(4.09576 4 -1.86788)
(4.09576 6 -2.86788)
(4.09576 6 -1.86788)
(4.09576 8 -2.86788)
(4.09576 8 -1.86788)
(4.09576 10 -2.86788)
(4.09576 10 -1.86788)
(4.09576 12 -2.86788)
(4.09576 12 -1.86788)
(4.09576 14 -2.86788)
(4.09576 14 -1.86788)
(4.09576 16 -2.86788)
(4.09576 16 -1.86788)
(4.09576 18 -2.86788)
(4.09576 18 -1.86788)
(4.09576 20 -2.86788)
(4.09576 20 -1.86788)
(4.77839 -20 -3.34586)
(4.77839 -20 -2.34586)
(4.77839 -18 -3.34586)
(4.77839 -18 -2.34586)
(4.77839 -16 -3.34586)
(4.77839 -16 -2.34586)
(4.77839 -14 -3.34586)
(4.77839 -14 -2.34586)
(4.77839 -12 -3.34586)
(4.77839 -12 -2.34586)
(4.77839 -10 -3.34586)
(4.77839 -10 -2.34586)
(4.77839 -8 -3.34586)
(4.77839 -8 -2.34586)
(4.77839 -6 -3.34586)
(4.77839 -6 -2.34586)
(4.77839 -4 -3.34586)
(4.77839 -4 -2.34586)
(4.77839 -2 -3.34586)
(4.77839 -2 -2.34586)
(4.77839 0 -3.34586)
(4.77839 0 -2.34586)
(4.77839 2 -3.34586)
(4.77839 2 -2.34586)
(4.77839 4 -3.34586)
(4.77839 4 -2.34586)
(4.77839 6 -3.34586)
(4.77839 6 -2.34586)
(4.77839 8 -3.34586)
(4.77839 8 -2.34586)
(4.77839 10 -3.34586)
(4.77839 10 -2.34586)
(4.77839 12 -3.34586)
(4.77839 12 -2.34586)
(4.77839 14 -3.34586)
(4.77839 14 -2.34586)
(4.77839 16 -3.34586)
(4.77839 16 -2.34586)
(4.77839 18 -3.34586)
(4.77839 18 -2.34586)
(4.77839 20 -3.34586)
(4.77839 20 -2.34586)
(5.46101 -20 -3.82384)
(5.46101 -20 -2.82384)
(5.46101 -18 -3.82384)
(5.46101 -18 -2.82384)
(5.46101 -16 -3.82384)
(5.46101 -16 -2.82384)
(5.46101 -14 -3.82384)
(5.46101 -14 -2.82384)
(5.46101 -12 -3.82384)
(5.46101 -12 -2.82384)
(5.46101 -10 -3.82384)
(5.46101 -10 -2.82384)
(5.46101 -8 -3.82384)
(5.46101 -8 -2.82384)
(5.46101 -6 -3.82384)
(5.46101 -6 -2.82384)
(5.46101 -4 -3.82384)
(5.46101 -4 -2.82384)
(5.46101 -2 -3.82384)
(5.46101 -2 -2.82384)
(5.46101 0 -3.82384)
(5.46101 0 -2.82384)
(5.46101 2 -3.82384)
(5.46101 2 -2.82384)
(5.46101 4 -3.82384)
(5.46101 4 -2.82384)
(5.46101 6 -3.82384)
(5.46101 6 -2.82384)
(5.46101 8 -3.82384)
(5.46101 8 -2.82384)
(5.46101 10 -3.82384)
(5.46101 10 -2.82384)
(5.46101 12 -3.82384)
(5.46101 12 -2.82384)
(5.46101 14 -3.82384)
(5.46101 14 -2.82384)
(5.46101 16 -3.82384)
(5.46101 16 -2.82384)
(5.46101 18 -3.82384)
(5.46101 18 -2.82384)
(5.46101 20 -3.82384)
(5.46101 20 -2.82384)
(6.14364 -20 -4.30182)
(6.14364 -20 -3.30182)
(6.14364 -18 -4.30182)
(6.14364 -18 -3.30182)
(6.14364 -16 -4.30182)
(6.14364 -16 -3.30182)
(6.14364 -14 -4.30182)
(6.14364 -14 -3.30182)
(6.14364 -12 -4.30182)
(6.14364 -12 -3.30182)
(6.14364 -10 -4.30182)
(6.14364 -10 -3.30182)
(6.14364 -8 -4.30182)
(6.14364 -8 -3.30182)
(6.14364 -6 -4.30182)
(6.14364 -6 -3.30182)
(6.14364 -4 -4.30182)
(6.14364 -4 -3.30182)
(6.14364 -2 -4.30182)
(6.14364 -2 -3.30182)
(6.14364 0 -4.30182)
(6.14364 0 -3.30182)
(6.14364 2 -4.30182)
(6.14364 2 -3.30182)
(6.14364 4 -4.30182)
(6.14364 4 -3.30182)
(6.14364 6 -4.30182)
(6.14364 6 -3.30182)
(6.14364 8 -4.30182)
(6.14364 8 -3.30182)
(6.14364 10 -4.30182)
(6.14364 10 -3.30182)
(6.14364 12 -4.30182)
(6.14364 12 -3.30182)
(6.14364 14 -4.30182)
(6.14364 14 -3.30182)
(6.14364 16 -4.30182)
(6.14364 16 -3.30182)
(6.14364 18 -4.30182)
(6.14364 18 -3.30182)
(6.14364 20 -4.30182)
(6.14364 20 -3.30182)
(6.82627 -20 -4.7798)
(6.82627 -20 -3.7798)
(6.82627 -18 -4.7798)
(6.82627 -18 -3.7798)
(6.82627 -16 -4.7798)
(6.82627 -16 -3.7798)
(6.82627 -14 -4.7798)
(6.82627 -14 -3.7798)
(6.82627 -12 -4.7798)
(6.82627 -12 -3.7798)
(6.82627 -10 -4.7798)
(6.82627 -10 -3.7798)
(6.82627 -8 -4.7798)
(6.82627 -8 -3.7798)
(6.82627 -6 -4.7798)
(6.82627 -6 -3.7798)
(6.82627 -4 -4.7798)
(6.82627 -4 -3.7798)
(6.82627 -2 -4.7798)
(6.82627 -2 -3.7798)
(6.82627 0 -4.7798)
(6.82627 0 -3.7798)
(6.82627 2 -4.7798)
(6.82627 2 -3.7798)
(6.82627 4 -4.7798)
(6.82627 4 -3.7798)
(6.82627 6 -4.7798)
(6.82627 6 -3.7798)
(6.82627 8 -4.7798)
(6.82627 8 -3.7798)
(6.82627 10 -4.7798)
(6.82627 10 -3.7798)
(6.82627 12 -4.7798)
(6.82627 12 -3.7798)
(6.82627 14 -4.7798)
(6.82627 14 -3.7798)
(6.82627 16 -4.7798)
(6.82627 16 -3.7798)
(6.82627 18 -4.7798)
(6.82627 18 -3.7798)
(6.82627 20 -4.7798)
(6.82627 20 -3.7798)
(7.50889 -20 -5.25778)
(7.50889 -20 -4.25778)
(7.50889 -18 -5.25778)
(7.50889 -18 -4.25778)
(7.50889 -16 -5.25778)
(7.50889 -16 -4.25778)
(7.50889 -14 -5.25778)
(7.50889 -14 -4.25778)
(7.50889 -12 -5.25778)
(7.50889 -12 -4.25778)
(7.50889 -10 -5.25778)
(7.50889 -10 -4.25778)
(7.50889 -8 -5.25778)
(7.50889 -8 -4.25778)
(7.50889 -6 -5.25778)
(7.50889 -6 -4.25778)
(7.50889 -4 -5.25778)
(7.50889 -4 -4.25778)
(7.50889 -2 -5.25778)
(7.50889 -2 -4.25778)
(7.50889 0 -5.25778)
(7.50889 0 -4.25778)
(7.50889 2 -5.25778)
(7.50889 2 -4.25778)
(7.50889 4 -5.25778)
(7.50889 4 -4.25778)
(7.50889 6 -5.25778)
(7.50889 6 -4.25778)
(7.50889 8 -5.25778)
(7.50889 8 -4.25778)
(7.50889 10 -5.25778)
(7.50889 10 -4.25778)
(7.50889 12 -5.25778)
(7.50889 12 -4.25778)
(7.50889 14 -5.25778)
(7.50889 14 -4.25778)
(7.50889 16 -5.25778)
(7.50889 16 -4.25778)
(7.50889 18 -5.25778)
(7.50889 18 -4.25778)
(7.50889 20 -5.25778)
(7.50889 20 -4.25778)
(8.19152 -20 -5.73576)
(8.19152 -20 -4.73576)
(8.19152 -18 -5.73576)
(8.19152 -18 -4.73576)
(8.19152 -16 -5.73576)
(8.19152 -16 -4.73576)
(8.19152 -14 -5.73576)
(8.19152 -14 -4.73576)
(8.19152 -12 -5.73576)
(8.19152 -12 -4.73576)
(8.19152 -10 -5.73576)
(8.19152 -10 -4.73576)
(8.19152 -8 -5.73576)
(8.19152 -8 -4.73576)
(8.19152 -6 -5.73576)
(8.19152 -6 -4.73576)
(8.19152 -4 -5.73576)
(8.19152 -4 -4.73576)
(8.19152 -2 -5.73576)
(8.19152 -2 -4.73576)
(8.19152 0 -5.73576)
(8.19152 0 -4.73576)
(8.19152 2 -5.73576)
(8.19152 2 -4.73576)
(8.19152 4 -5.73576)
(8.19152 4 -4.73576)
(8.19152 6 -5.73576)
(8.19152 6 -4.73576)
(8.19152 8 -5.73576)
(8.19152 8 -4.73576)
(8.19152 10 -5.73576)
(8.19152 10 -4.73576)
(8.19152 12 -5.73576)
(8.19152 12 -4.73576)
(8.19152 14 -5.73576)
(8.19152 14 -4.73576)
(8.19152 16 -5.73576)
(8.19152 16 -4.73576)
(8.19152 18 -5.73576)
(8.19152 18 -4.73576)
(8.19152 20 -5.73576)
(8.19152 20 -4.73576)
(8.87415 -20 -6.21374)
(8.87415 -20 -5.21374)
(8.87415 -18 -6.21374)
(8.87415 -18 -5.21374)
(8.87415 -16 -6.21374)
(8.87415 -16 -5.21374)
(8.87415 -14 -6.21374)
(8.87415 -14 -5.21374)
(8.87415 -12 -6.21374)
(8.87415 -12 -5.21374)
(8.87415 -10 -6.21374)
(8.87415 -10 -5.21374)
(8.87415 -8 -6.21374)
(8.87415 -8 -5.21374)
(8.87415 -6 -6.21374)
(8.87415 -6 -5.21374)
(8.87415 -4 -6.21374)
(8.87415 -4 -5.21374)
(8.87415 -2 -6.21374)
(8.87415 -2 -5.21374)
(8.87415 0 -6.21374)
(8.87415 0 -5.21374)
(8.87415 2 -6.21374)
(8.87415 2 -5.21374)
(8.87415 4 -6.21374)
(8.87415 4 -5.21374)
(8.87415 6 -6.21374)
(8.87415 6 -5.21374)
(8.87415 8 -6.21374)
(8.87415 8 -5.21374)
(8.87415 10 -6.21374)
(8.87415 10 -5.21374)
(8.87415 12 -6.21374)
(8.87415 12 -5.21374)
(8.87415 14 -6.21374)
(8.87415 14 -5.21374)
(8.87415 16 -6.21374)
(8.87415 16 -5.21374)
(8.87415 18 -6.21374)
(8.87415 18 -5.21374)
(8.87415 20 -6.21374)
(8.87415 20 -5.21374)
(9.55677 -20 -6.69173)
(9.55677 -20 -5.69173)
(9.55677 -18 -6.69173)
(9.55677 -18 -5.69173)
(9.55677 -16 -6.69173)
(9.55677 -16 -5.69173)
(9.55677 -14 -6.69173)
(9.55677 -14 -5.69173)
(9.55677 -12 -6.69173)
(9.55677 -12 -5.69173)
(9.55677 -10 -6.69173)
(9.55677 -10 -5.69173)
(9.55677 -8 -6.69173)
(9.55677 -8 -5.69173)
(9.55677 -6 -6.69173)
(9.55677 -6 -5.69173)
(9.55677 -4 -6.69173)
(9.55677 -4 -5.69173)
(9.55677 -2 -6.69173)
(9.55677 -2 -5.69173)
(9.55677 0 -6.69173)
(9.55677 0 -5.69173)
(9.55677 2 -6.69173)
(9.55677 2 -5.69173)
(9.55677 4 -6.69173)
(9.55677 4 -5.69173)
(9.55677 6 -6.69173)
(9.55677 6 -5.69173)
(9.55677 8 -6.69173)
(9.55677 8 -5.69173)
(9.55677 10 -6.69173)
(9.55677 10 -5.69173)
(9.55677 12 -6.69173)
(9.55677 12 -5.69173)
(9.55677 14 -6.69173)
(9.55677 14 -5.69173)
(9.55677 16 -6.69173)
(9.55677 16 -5.69173)
(9.55677 18 -6.69173)
(9.55677 18 -5.69173)
(9.55677 20 -6.69173)
(9.55677 20 -5.69173)
(10.2394 -20 -7.16971)
(10.2394 -20 -6.16971)
(10.2394 -18 -7.16971)
(10.2394 -18 -6.16971)
(10.2394 -16 -7.16971)
(10.2394 -16 -6.16971)
(10.2394 -14 -7.16971)
(10.2394 -14 -6.16971)
(10.2394 -12 -7.16971)
(10.2394 -12 -6.16971)
(10.2394 -10 -7.16971)
(10.2394 -10 -6.16971)
(10.2394 -8 -7.16971)
(10.2394 -8 -6.16971)
(10.2394 -6 -7.16971)
(10.2394 -6 -6.16971)
(10.2394 -4 -7.16971)
(10.2394 -4 -6.16971)
(10.2394 -2 -7.16971)
(10.2394 -2 -6.16971)
(10.2394 0 -7.16971)
(10.2394 0 -6.16971)
(10.2394 2 -7.16971)
(10.2394 2 -6.16971)
(10.2394 4 -7.16971)
(10.2394 4 -6.16971)
(10.2394 6 -7.16971)
(10.2394 6 -6.16971)
(10.2394 8 -7.16971)
(10.2394 8 -6.16971)
(10.2394 10 -7.16971)
(10.2394 10 -6.16971)
(10.2394 12 -7.16971)
(10.2394 12 -6.16971)
(10.2394 14 -7.16971)
(10.2394 14 -6.16971)
(10.2394 16 -7.16971)
(10.2394 16 -6.16971)
(10.2394 18 -7.16971)
(10.2394 18 -6.16971)
(10.2394 20 -7.16971)
(10.2394 20 -6.16971)
(10.922 -20 -7.64769)
(10.922 -20 -6.64769)
(10.922 -18 -7.64769)
(10.922 -18 -6.64769)
(10.922 -16 -7.64769)
(10.922 -16 -6.64769)
(10.922 -14 -7.64769)
(10.922 -14 -6.64769)
(10.922 -12 -7.64769)
(10.922 -12 -6.64769)
(10.922 -10 -7.64769)
(10.922 -10 -6.64769)
(10.922 -8 -7.64769)
(10.922 -8 -6.64769)
(10.922 -6 -7.64769)
(10.922 -6 -6.64769)
(10.922 -4 -7.64769)
(10.922 -4 -6.64769)
(10.922 -2 -7.64769)
(10.922 -2 -6.64769)
(10.922 0 -7.64769)
(10.922 0 -6.64769)
(10.922 2 -7.64769)
(10.922 2 -6.64769)
(10.922 4 -7.64769)
(10.922 4 -6.64769)
(10.922 6 -7.64769)
(10.922 6 -6.64769)
(10.922 8 -7.64769)
(10.922 8 -6.64769)
(10.922 10 -7.64769)
(10.922 10 -6.64769)
(10.922 12 -7.64769)
(10.922 12 -6.64769)
(10.922 14 -7.64769)
(10.922 14 -6.64769)
(10.922 16 -7.64769)
(10.922 16 -6.64769)
(10.922 18 -7.64769)
(10.922 18 -6.64769)
(10.922 20 -7.64769)
(10.922 20 -6.64769)
(11.6047 -20 -8.12567)
(11.6047 -20 -7.12567)
(11.6047 -18 -8.12567)
(11.6047 -18 -7.12567)
(11.6047 -16 -8.12567)
(11.6047 -16 -7.12567)
(11.6047 -14 -8.12567)
(11.6047 -14 -7.12567)
(11.6047 -12 -8.12567)
(11.6047 -12 -7.12567)
(11.6047 -10 -8.12567)
(11.6047 -10 -7.12567)
(11.6047 -8 -8.12567)
(11.6047 -8 -7.12567)
(11.6047 -6 -8.12567)
(11.6047 -6 -7.12567)
(11.6047 -4 -8.12567)
(11.6047 -4 -7.12567)
(11.6047 -2 -8.12567)
(11.6047 -2 -7.12567)
(11.6047 0 -8.12567)
(11.6047 0 -7.12567)
(11.6047 2 -8.12567)
(11.6047 2 -7.12567)
(11.6047 4 -8.12567)
(11.6047 4 -7.12567)
(11.6047 6 -8.12567)
(11.6047 6 -7.12567)
(11.6047 8 -8.12567)
(11.6047 8 -7.12567)
(11.6047 10 -8.12567)
(11.6047 10 -7.12567)
(11.6047 12 -8.12567)
(11.6047 12 -7.12567)
(11.6047 14 -8.12567)
(11.6047 14 -7.12567)
(11.6047 16 -8.12567)
(11.6047 16 -7.12567)
(11.6047 18 -8.12567)
(11.6047 18 -7.12567)
(11.6047 20 -8.12567)
(11.6047 20 -7.12567)
(12.2873 -20 -8.60365)
(12.2873 -20 -7.60365)
(12.2873 -18 -8.60365)
(12.2873 -18 -7.60365)
(12.2873 -16 -8.60365)
(12.2873 -16 -7.60365)
(12.2873 -14 -8.60365)
(12.2873 -14 -7.60365)
(12.2873 -12 -8.60365)
(12.2873 -12 -7.60365)
(12.2873 -10 -8.60365)
(12.2873 -10 -7.60365)
(12.2873 -8 -8.60365)
(12.2873 -8 -7.60365)
(12.2873 -6 -8.60365)
(12.2873 -6 -7.60365)
(12.2873 -4 -8.60365)
(12.2873 -4 -7.60365)
(12.2873 -2 -8.60365)
(12.2873 -2 -7.60365)
(12.2873 0 -8.60365)
(12.2873 0 -7.60365)
(12.2873 2 -8.60365)
(12.2873 2 -7.60365)
(12.2873 4 -8.60365)
(12.2873 4 -7.60365)
(12.2873 6 -8.60365)
(12.2873 6 -7.60365)
(12.2873 8 -8.60365)
(12.2873 8 -7.60365)
(12.2873 10 -8.60365)
(12.2873 10 -7.60365)
(12.2873 12 -8.60365)
(12.2873 12 -7.60365)
(12.2873 14 -8.60365)
(12.2873 14 -7.60365)
(12.2873 16 -8.60365)
(12.2873 16 -7.60365)
(12.2873 18 -8.60365)
(12.2873 18 -7.60365)
(12.2873 20 -8.60365)
(12.2873 20 -7.60365)
(12.9699 -20 -9.08163)
(12.9699 -20 -8.08163)
(12.9699 -18 -9.08163)
(12.9699 -18 -8.08163)
(12.9699 -16 -9.08163)
(12.9699 -16 -8.08163)
(12.9699 -14 -9.08163)
(12.9699 -14 -8.08163)
(12.9699 -12 -9.08163)
(12.9699 -12 -8.08163)
(12.9699 -10 -9.08163)
(12.9699 -10 -8.08163)
(12.9699 -8 -9.08163)
(12.9699 -8 -8.08163)
(12.9699 -6 -9.08163)
(12.9699 -6 -8.08163)
(12.9699 -4 -9.08163)
(12.9699 -4 -8.08163)
(12.9699 -2 -9.08163)
(12.9699 -2 -8.08163)
(12.9699 0 -9.08163)
(12.9699 0 -8.08163)
(12.9699 2 -9.08163)
(12.9699 2 -8.08163)
(12.9699 4 -9.08163)
(12.9699 4 -8.08163)
(12.9699 6 -9.08163)
(12.9699 6 -8.08163)
(12.9699 8 -9.08163)
(12.9699 8 -8.08163)
(12.9699 10 -9.08163)
(12.9699 10 -8.08163)
(12.9699 12 -9.08163)
(12.9699 12 -8.08163)
(12.9699 14 -9.08163)
(12.9699 14 -8.08163)
(12.9699 16 -9.08163)
(12.9699 16 -8.08163)
(12.9699 18 -9.08163)
(12.9699 18 -8.08163)
(12.9699 20 -9.08163)
(12.9699 20 -8.08163)
(13.6525 -20 -9.55961)
(13.6525 -20 -8.55961)
(13.6525 -18 -9.55961)
(13.6525 -18 -8.55961)
(13.6525 -16 -9.55961)
(13.6525 -16 -8.55961)
(13.6525 -14 -9.55961)
(13.6525 -14 -8.55961)
(13.6525 -12 -9.55961)
(13.6525 -12 -8.55961)
(13.6525 -10 -9.55961)
(13.6525 -10 -8.55961)
(13.6525 -8 -9.55961)
(13.6525 -8 -8.55961)
(13.6525 -6 -9.55961)
(13.6525 -6 -8.55961)
(13.6525 -4 -9.55961)
(13.6525 -4 -8.55961)
(13.6525 -2 -9.55961)
(13.6525 -2 -8.55961)
(13.6525 0 -9.55961)
(13.6525 0 -8.55961)
(13.6525 2 -9.55961)
(13.6525 2 -8.55961)
(13.6525 4 -9.55961)
(13.6525 4 -8.55961)
(13.6525 6 -9.55961)
(13.6525 6 -8.55961)
(13.6525 8 -9.55961)
(13.6525 8 -8.55961)
(13.6525 10 -9.55961)
(13.6525 10 -8.55961)
(13.6525 12 -9.55961)
(13.6525 12 -8.55961)
(13.6525 14 -9.55961)
(13.6525 14 -8.55961)
(13.6525 16 -9.55961)
(13.6525 16 -8.55961)
(13.6525 18 -9.55961)
(13.6525 18 -8.55961)
(13.6525 20 -9.55961)
(13.6525 20 -8.55961)
(14.3352 -20 -10.0376)
(14.3352 -20 -9.03759)
(14.3352 -18 -10.0376)
(14.3352 -18 -9.03759)
(14.3352 -16 -10.0376)
(14.3352 -16 -9.03759)
(14.3352 -14 -10.0376)
(14.3352 -14 -9.03759)
(14.3352 -12 -10.0376)
(14.3352 -12 -9.03759)
(14.3352 -10 -10.0376)
(14.3352 -10 -9.03759)
(14.3352 -8 -10.0376)
(14.3352 -8 -9.03759)
(14.3352 -6 -10.0376)
(14.3352 -6 -9.03759)
(14.3352 -4 -10.0376)
(14.3352 -4 -9.03759)
(14.3352 -2 -10.0376)
(14.3352 -2 -9.03759)
(14.3352 0 -10.0376)
(14.3352 0 -9.03759)
(14.3352 2 -10.0376)
(14.3352 2 -9.03759)
(14.3352 4 -10.0376)
(14.3352 4 -9.03759)
(14.3352 6 -10.0376)
(14.3352 6 -9.03759)
(14.3352 8 -10.0376)
(14.3352 8 -9.03759)
(14.3352 10 -10.0376)
(14.3352 10 -9.03759)
(14.3352 12 -10.0376)
(14.3352 12 -9.03759)
(14.3352 14 -10.0376)
(14.3352 14 -9.03759)
(14.3352 16 -10.0376)
(14.3352 16 -9.03759)
(14.3352 18 -10.0376)
(14.3352 18 -9.03759)
(14.3352 20 -10.0376)
(14.3352 20 -9.03759)
(15.0178 -20 -10.5156)
(15.0178 -20 -9.51557)
(15.0178 -18 -10.5156)
(15.0178 -18 -9.51557)
(15.0178 -16 -10.5156)
(15.0178 -16 -9.51557)
(15.0178 -14 -10.5156)
(15.0178 -14 -9.51557)
(15.0178 -12 -10.5156)
(15.0178 -12 -9.51557)
(15.0178 -10 -10.5156)
(15.0178 -10 -9.51557)
(15.0178 -8 -10.5156)
(15.0178 -8 -9.51557)
(15.0178 -6 -10.5156)
(15.0178 -6 -9.51557)
(15.0178 -4 -10.5156)
(15.0178 -4 -9.51557)
(15.0178 -2 -10.5156)
(15.0178 -2 -9.51557)
(15.0178 0 -10.5156)
(15.0178 0 -9.51557)
(15.0178 2 -10.5156)
(15.0178 2 -9.51557)
(15.0178 4 -10.5156)
(15.0178 4 -9.51557)
(15.0178 6 -10.5156)
(15.0178 6 -9.51557)
(15.0178 8 -10.5156)
(15.0178 8 -9.51557)
(15.0178 10 -10.5156)
(15.0178 10 -9.51557)
(15.0178 12 -10.5156)
(15.0178 12 -9.51557)
(15.0178 14 -10.5156)
(15.0178 14 -9.51557)
(15.0178 16 -10.5156)
(15.0178 16 -9.51557)
(15.0178 18 -10.5156)
(15.0178 18 -9.51557)
(15.0178 20 -10.5156)
(15.0178 20 -9.51557)
(15.7004 -20 -10.9935)
(15.7004 -20 -9.99355)
(15.7004 -18 -10.9935)
(15.7004 -18 -9.99355)
(15.7004 -16 -10.9935)
(15.7004 -16 -9.99355)
(15.7004 -14 -10.9935)
(15.7004 -14 -9.99355)
(15.7004 -12 -10.9935)
(15.7004 -12 -9.99355)
(15.7004 -10 -10.9935)
(15.7004 -10 -9.99355)
(15.7004 -8 -10.9935)
(15.7004 -8 -9.99355)
(15.7004 -6 -10.9935)
(15.7004 -6 -9.99355)
(15.7004 -4 -10.9935)
(15.7004 -4 -9.99355)
(15.7004 -2 -10.9935)
(15.7004 -2 -9.99355)
(15.7004 0 -10.9935)
(15.7004 0 -9.99355)
(15.7004 2 -10.9935)
(15.7004 2 -9.99355)
(15.7004 4 -10.9935)
(15.7004 4 -9.99355)
(15.7004 6 -10.9935)
(15.7004 6 -9.99355)
(15.7004 8 -10.9935)
(15.7004 8 -9.99355)
(15.7004 10 -10.9935)
(15.7004 10 -9.99355)
(15.7004 12 -10.9935)
(15.7004 12 -9.99355)
(15.7004 14 -10.9935)
(15.7004 14 -9.99355)
(15.7004 16 -10.9935)
(15.7004 16 -9.99355)
(15.7004 18 -10.9935)
(15.7004 18 -9.99355)
(15.7004 20 -10.9935)
(15.7004 20 -9.99355)
(16.383 -20 -11.4715)
(16.383 -20 -10.4715)
(16.383 -18 -11.4715)
(16.383 -18 -10.4715)
(16.383 -16 -11.4715)
(16.383 -16 -10.4715)
(16.383 -14 -11.4715)
(16.383 -14 -10.4715)
(16.383 -12 -11.4715)
(16.383 -12 -10.4715)
(16.383 -10 -11.4715)
(16.383 -10 -10.4715)
(16.383 -8 -11.4715)
(16.383 -8 -10.4715)
(16.383 -6 -11.4715)
(16.383 -6 -10.4715)
(16.383 -4 -11.4715)
(16.383 -4 -10.4715)
(16.383 -2 -11.4715)
(16.383 -2 -10.4715)
(16.383 0 -11.4715)
(16.383 0 -10.4715)
(16.383 2 -11.4715)
(16.383 2 -10.4715)
(16.383 4 -11.4715)
(16.383 4 -10.4715)
(16.383 6 -11.4715)
(16.383 6 -10.4715)
(16.383 8 -11.4715)
(16.383 8 -10.4715)
(16.383 10 -11.4715)
(16.383 10 -10.4715)
(16.383 12 -11.4715)
(16.383 12 -10.4715)
(16.383 14 -11.4715)
(16.383 14 -10.4715)
(16.383 16 -11.4715)
(16.383 16 -10.4715)
(16.383 18 -11.4715)
(16.383 18 -10.4715)
(16.383 20 -11.4715)
(16.383 20 -10.4715)
(17.0657 -20 -11.9495)
(17.0657 -20 -10.9495)
(17.0657 -18 -11.9495)
(17.0657 -18 -10.9495)
(17.0657 -16 -11.9495)
(17.0657 -16 -10.9495)
(17.0657 -14 -11.9495)
(17.0657 -14 -10.9495)
(17.0657 -12 -11.9495)
(17.0657 -12 -10.9495)
(17.0657 -10 -11.9495)
(17.0657 -10 -10.9495)
(17.0657 -8 -11.9495)
(17.0657 -8 -10.9495)
(17.0657 -6 -11.9495)
(17.0657 -6 -10.9495)
(17.0657 -4 -11.9495)
(17.0657 -4 -10.9495)
(17.0657 -2 -11.9495)
(17.0657 -2 -10.9495)
(17.0657 0 -11.9495)
(17.0657 0 -10.9495)
(17.0657 2 -11.9495)
(17.0657 2 -10.9495)
(17.0657 4 -11.9495)
(17.0657 4 -10.9495)
(17.0657 6 -11.9495)
(17.0657 6 -10.9495)
(17.0657 8 -11.9495)
(17.0657 8 -10.9495)
(17.0657 10 -11.9495)
(17.0657 10 -10.9495)
(17.0657 12 -11.9495)
(17.0657 12 -10.9495)
(17.0657 14 -11.9495)
(17.0657 14 -10.9495)
(17.0657 16 -11.9495)
(17.0657 16 -10.9495)
(17.0657 18 -11.9495)
(17.0657 18 -10.9495)
(17.0657 20 -11.9495)
(17.0657 20 -10.9495)
(17.7492 -20 -12.4262)
(17.7492 -20 -11.4262)
(17.7492 -18 -12.4262)
(17.7492 -18 -11.4262)
(17.7492 -16 -12.4262)
(17.7492 -16 -11.4262)
(17.7492 -14 -12.4262)
(17.7492 -14 -11.4262)
(17.7492 -12 -12.4262)
(17.7492 -12 -11.4262)
(17.7492 -10 -12.4262)
(17.7492 -10 -11.4262)
(17.7492 -8 -12.4262)
(17.7492 -8 -11.4262)
(17.7492 -6 -12.4262)
(17.7492 -6 -11.4262)
(17.7492 -4 -12.4262)
(17.7492 -4 -11.4262)
(17.7492 -2 -12.4262)
(17.7492 -2 -11.4262)
(17.7492 0 -12.4262)
(17.7492 0 -11.4262)
(17.7492 2 -12.4262)
(17.7492 2 -11.4262)
(17.7492 4 -12.4262)
(17.7492 4 -11.4262)
(17.7492 6 -12.4262)
(17.7492 6 -11.4262)
(17.7492 8 -12.4262)
(17.7492 8 -11.4262)
(17.7492 10 -12.4262)
(17.7492 10 -11.4262)
(17.7492 12 -12.4262)
(17.7492 12 -11.4262)
(17.7492 14 -12.4262)
(17.7492 14 -11.4262)
(17.7492 16 -12.4262)
(17.7492 16 -11.4262)
(17.7492 18 -12.4262)
(17.7492 18 -11.4262)
(17.7492 20 -12.4262)
(17.7492 20 -11.4262)
(18.4606 -20 -12.8597)
(18.4606 -20 -11.8597)
(18.4606 -18 -12.8597)
(18.4606 -18 -11.8597)
(18.4606 -16 -12.8597)
(18.4606 -16 -11.8597)
(18.4606 -14 -12.8597)
(18.4606 -14 -11.8597)
(18.4606 -12 -12.8597)
(18.4606 -12 -11.8597)
(18.4606 -10 -12.8597)
(18.4606 -10 -11.8597)
(18.4606 -8 -12.8597)
(18.4606 -8 -11.8597)
(18.4606 -6 -12.8597)
(18.4606 -6 -11.8597)
(18.4606 -4 -12.8597)
(18.4606 -4 -11.8597)
(18.4606 -2 -12.8597)
(18.4606 -2 -11.8597)
(18.4606 0 -12.8597)
(18.4606 0 -11.8597)
(18.4606 2 -12.8597)
(18.4606 2 -11.8597)
(18.4606 4 -12.8597)
(18.4606 4 -11.8597)
(18.4606 6 -12.8597)
(18.4606 6 -11.8597)
(18.4606 8 -12.8597)
(18.4606 8 -11.8597)
(18.4606 10 -12.8597)
(18.4606 10 -11.8597)
(18.4606 12 -12.8597)
(18.4606 12 -11.8597)
(18.4606 14 -12.8597)
(18.4606 14 -11.8597)
(18.4606 16 -12.8597)
(18.4606 16 -11.8597)
(18.4606 18 -12.8597)
(18.4606 18 -11.8597)
(18.4606 20 -12.8597)
(18.4606 20 -11.8597)
(19.2084 -20 -13.2268)
(19.2084 -20 -12.2268)
(19.2084 -18 -13.2268)
(19.2084 -18 -12.2268)
(19.2084 -16 -13.2268)
(19.2084 -16 -12.2268)
(19.2084 -14 -13.2268)
(19.2084 -14 -12.2268)
(19.2084 -12 -13.2268)
(19.2084 -12 -12.2268)
(19.2084 -10 -13.2268)
(19.2084 -10 -12.2268)
(19.2084 -8 -13.2268)
(19.2084 -8 -12.2268)
(19.2084 -6 -13.2268)
(19.2084 -6 -12.2268)
(19.2084 -4 -13.2268)
(19.2084 -4 -12.2268)
(19.2084 -2 -13.2268)
(19.2084 -2 -12.2268)
(19.2084 0 -13.2268)
(19.2084 0 -12.2268)
(19.2084 2 -13.2268)
(19.2084 2 -12.2268)
(19.2084 4 -13.2268)
(19.2084 4 -12.2268)
(19.2084 6 -13.2268)
(19.2084 6 -12.2268)
(19.2084 8 -13.2268)
(19.2084 8 -12.2268)
(19.2084 10 -13.2268)
(19.2084 10 -12.2268)
(19.2084 12 -13.2268)
(19.2084 12 -12.2268)
(19.2084 14 -13.2268)
(19.2084 14 -12.2268)
(19.2084 16 -13.2268)
(19.2084 16 -12.2268)
(19.2084 18 -13.2268)
(19.2084 18 -12.2268)
(19.2084 20 -13.2268)
(19.2084 20 -12.2268)
(19.9864 -20 -13.5245)
(19.9864 -20 -12.5245)
(19.9864 -18 -13.5245)
(19.9864 -18 -12.5245)
(19.9864 -16 -13.5245)
(19.9864 -16 -12.5245)
(19.9864 -14 -13.5245)
(19.9864 -14 -12.5245)
(19.9864 -12 -13.5245)
(19.9864 -12 -12.5245)
(19.9864 -10 -13.5245)
(19.9864 -10 -12.5245)
(19.9864 -8 -13.5245)
(19.9864 -8 -12.5245)
(19.9864 -6 -13.5245)
(19.9864 -6 -12.5245)
(19.9864 -4 -13.5245)
(19.9864 -4 -12.5245)
(19.9864 -2 -13.5245)
(19.9864 -2 -12.5245)
(19.9864 0 -13.5245)
(19.9864 0 -12.5245)
(19.9864 2 -13.5245)
(19.9864 2 -12.5245)
(19.9864 4 -13.5245)
(19.9864 4 -12.5245)
(19.9864 6 -13.5245)
(19.9864 6 -12.5245)
(19.9864 8 -13.5245)
(19.9864 8 -12.5245)
(19.9864 10 -13.5245)
(19.9864 10 -12.5245)
(19.9864 12 -13.5245)
(19.9864 12 -12.5245)
(19.9864 14 -13.5245)
(19.9864 14 -12.5245)
(19.9864 16 -13.5245)
(19.9864 16 -12.5245)
(19.9864 18 -13.5245)
(19.9864 18 -12.5245)
(19.9864 20 -13.5245)
(19.9864 20 -12.5245)
(20.7882 -20 -13.7503)
(20.7882 -20 -12.7503)
(20.7882 -18 -13.7503)
(20.7882 -18 -12.7503)
(20.7882 -16 -13.7503)
(20.7882 -16 -12.7503)
(20.7882 -14 -13.7503)
(20.7882 -14 -12.7503)
(20.7882 -12 -13.7503)
(20.7882 -12 -12.7503)
(20.7882 -10 -13.7503)
(20.7882 -10 -12.7503)
(20.7882 -8 -13.7503)
(20.7882 -8 -12.7503)
(20.7882 -6 -13.7503)
(20.7882 -6 -12.7503)
(20.7882 -4 -13.7503)
(20.7882 -4 -12.7503)
(20.7882 -2 -13.7503)
(20.7882 -2 -12.7503)
(20.7882 0 -13.7503)
(20.7882 0 -12.7503)
(20.7882 2 -13.7503)
(20.7882 2 -12.7503)
(20.7882 4 -13.7503)
(20.7882 4 -12.7503)
(20.7882 6 -13.7503)
(20.7882 6 -12.7503)
(20.7882 8 -13.7503)
(20.7882 8 -12.7503)
(20.7882 10 -13.7503)
(20.7882 10 -12.7503)
(20.7882 12 -13.7503)
(20.7882 12 -12.7503)
(20.7882 14 -13.7503)
(20.7882 14 -12.7503)
(20.7882 16 -13.7503)
(20.7882 16 -12.7503)
(20.7882 18 -13.7503)
(20.7882 18 -12.7503)
(20.7882 20 -13.7503)
(20.7882 20 -12.7503)
(21.6063 -20 -13.9084)
(21.6063 -20 -12.9084)
(21.6063 -18 -13.9084)
(21.6063 -18 -12.9084)
(21.6063 -16 -13.9084)
(21.6063 -16 -12.9084)
(21.6063 -14 -13.9084)
(21.6063 -14 -12.9084)
(21.6063 -12 -13.9084)
(21.6063 -12 -12.9084)
(21.6063 -10 -13.9084)
(21.6063 -10 -12.9084)
(21.6063 -8 -13.9084)
(21.6063 -8 -12.9084)
(21.6063 -6 -13.9084)
(21.6063 -6 -12.9084)
(21.6063 -4 -13.9084)
(21.6063 -4 -12.9084)
(21.6063 -2 -13.9084)
(21.6063 -2 -12.9084)
(21.6063 0 -13.9084)
(21.6063 0 -12.9084)
(21.6063 2 -13.9084)
(21.6063 2 -12.9084)
(21.6063 4 -13.9084)
(21.6063 4 -12.9084)
(21.6063 6 -13.9084)
(21.6063 6 -12.9084)
(21.6063 8 -13.9084)
(21.6063 8 -12.9084)
(21.6063 10 -13.9084)
(21.6063 10 -12.9084)
(21.6063 12 -13.9084)
(21.6063 12 -12.9084)
(21.6063 14 -13.9084)
(21.6063 14 -12.9084)
(21.6063 16 -13.9084)
(21.6063 16 -12.9084)
(21.6063 18 -13.9084)
(21.6063 18 -12.9084)
(21.6063 20 -13.9084)
(21.6063 20 -12.9084)
(22.427 -20 -14.0531)
(22.427 -20 -13.0531)
(22.427 -18 -14.0531)
(22.427 -18 -13.0531)
(22.427 -16 -14.0531)
(22.427 -16 -13.0531)
(22.427 -14 -14.0531)
(22.427 -14 -13.0531)
(22.427 -12 -14.0531)
(22.427 -12 -13.0531)
(22.427 -10 -14.0531)
(22.427 -10 -13.0531)
(22.427 -8 -14.0531)
(22.427 -8 -13.0531)
(22.427 -6 -14.0531)
(22.427 -6 -13.0531)
(22.427 -4 -14.0531)
(22.427 -4 -13.0531)
(22.427 -2 -14.0531)
(22.427 -2 -13.0531)
(22.427 0 -14.0531)
(22.427 0 -13.0531)
(22.427 2 -14.0531)
(22.427 2 -13.0531)
(22.427 4 -14.0531)
(22.427 4 -13.0531)
(22.427 6 -14.0531)
(22.427 6 -13.0531)
(22.427 8 -14.0531)
(22.427 8 -13.0531)
(22.427 10 -14.0531)
(22.427 10 -13.0531)
(22.427 12 -14.0531)
(22.427 12 -13.0531)
(22.427 14 -14.0531)
(22.427 14 -13.0531)
(22.427 16 -14.0531)
(22.427 16 -13.0531)
(22.427 18 -14.0531)
(22.427 18 -13.0531)
(22.427 20 -14.0531)
(22.427 20 -13.0531)
(23.2477 -20 -14.1978)
(23.2477 -20 -13.1978)
(23.2477 -18 -14.1978)
(23.2477 -18 -13.1978)
(23.2477 -16 -14.1978)
(23.2477 -16 -13.1978)
(23.2477 -14 -14.1978)
(23.2477 -14 -13.1978)
(23.2477 -12 -14.1978)
(23.2477 -12 -13.1978)
(23.2477 -10 -14.1978)
(23.2477 -10 -13.1978)
(23.2477 -8 -14.1978)
(23.2477 -8 -13.1978)
(23.2477 -6 -14.1978)
(23.2477 -6 -13.1978)
(23.2477 -4 -14.1978)
(23.2477 -4 -13.1978)
(23.2477 -2 -14.1978)
(23.2477 -2 -13.1978)
(23.2477 0 -14.1978)
(23.2477 0 -13.1978)
(23.2477 2 -14.1978)
(23.2477 2 -13.1978)
(23.2477 4 -14.1978)
(23.2477 4 -13.1978)
(23.2477 6 -14.1978)
(23.2477 6 -13.1978)
(23.2477 8 -14.1978)
(23.2477 8 -13.1978)
(23.2477 10 -14.1978)
(23.2477 10 -13.1978)
(23.2477 12 -14.1978)
(23.2477 12 -13.1978)
(23.2477 14 -14.1978)
(23.2477 14 -13.1978)
(23.2477 16 -14.1978)
(23.2477 16 -13.1978)
(23.2477 18 -14.1978)
(23.2477 18 -13.1978)
(23.2477 20 -14.1978)
(23.2477 20 -13.1978)
(24.0683 -20 -14.3425)
(24.0683 -20 -13.3425)
(24.0683 -18 -14.3425)
(24.0683 -18 -13.3425)
(24.0683 -16 -14.3425)
(24.0683 -16 -13.3425)
(24.0683 -14 -14.3425)
(24.0683 -14 -13.3425)
(24.0683 -12 -14.3425)
(24.0683 -12 -13.3425)
(24.0683 -10 -14.3425)
(24.0683 -10 -13.3425)
(24.0683 -8 -14.3425)
(24.0683 -8 -13.3425)
(24.0683 -6 -14.3425)
(24.0683 -6 -13.3425)
(24.0683 -4 -14.3425)
(24.0683 -4 -13.3425)
(24.0683 -2 -14.3425)
(24.0683 -2 -13.3425)
(24.0683 0 -14.3425)
(24.0683 0 -13.3425)
(24.0683 2 -14.3425)
(24.0683 2 -13.3425)
(24.0683 4 -14.3425)
(24.0683 4 -13.3425)
(24.0683 6 -14.3425)
(24.0683 6 -13.3425)
(24.0683 8 -14.3425)
(24.0683 8 -13.3425)
(24.0683 10 -14.3425)
(24.0683 10 -13.3425)
(24.0683 12 -14.3425)
(24.0683 12 -13.3425)
(24.0683 14 -14.3425)
(24.0683 14 -13.3425)
(24.0683 16 -14.3425)
(24.0683 16 -13.3425)
(24.0683 18 -14.3425)
(24.0683 18 -13.3425)
(24.0683 20 -14.3425)
(24.0683 20 -13.3425)
(24.889 -20 -14.4872)
(24.889 -20 -13.4872)
(24.889 -18 -14.4872)
(24.889 -18 -13.4872)
(24.889 -16 -14.4872)
(24.889 -16 -13.4872)
(24.889 -14 -14.4872)
(24.889 -14 -13.4872)
(24.889 -12 -14.4872)
(24.889 -12 -13.4872)
(24.889 -10 -14.4872)
(24.889 -10 -13.4872)
(24.889 -8 -14.4872)
(24.889 -8 -13.4872)
(24.889 -6 -14.4872)
(24.889 -6 -13.4872)
(24.889 -4 -14.4872)
(24.889 -4 -13.4872)
(24.889 -2 -14.4872)
(24.889 -2 -13.4872)
(24.889 0 -14.4872)
(24.889 0 -13.4872)
(24.889 2 -14.4872)
(24.889 2 -13.4872)
(24.889 4 -14.4872)
(24.889 4 -13.4872)
(24.889 6 -14.4872)
(24.889 6 -13.4872)
(24.889 8 -14.4872)
(24.889 8 -13.4872)
(24.889 10 -14.4872)
(24.889 10 -13.4872)
(24.889 12 -14.4872)
(24.889 12 -13.4872)
(24.889 14 -14.4872)
(24.889 14 -13.4872)
(24.889 16 -14.4872)
(24.889 16 -13.4872)
(24.889 18 -14.4872)
(24.889 18 -13.4872)
(24.889 20 -14.4872)
(24.889 20 -13.4872)
(25.7097 -20 -14.6319)
(25.7097 -20 -13.6319)
(25.7097 -18 -14.6319)
(25.7097 -18 -13.6319)
(25.7097 -16 -14.6319)
(25.7097 -16 -13.6319)
(25.7097 -14 -14.6319)
(25.7097 -14 -13.6319)
(25.7097 -12 -14.6319)
(25.7097 -12 -13.6319)
(25.7097 -10 -14.6319)
(25.7097 -10 -13.6319)
(25.7097 -8 -14.6319)
(25.7097 -8 -13.6319)
(25.7097 -6 -14.6319)
(25.7097 -6 -13.6319)
(25.7097 -4 -14.6319)
(25.7097 -4 -13.6319)
(25.7097 -2 -14.6319)
(25.7097 -2 -13.6319)
(25.7097 0 -14.6319)
(25.7097 0 -13.6319)
(25.7097 2 -14.6319)
(25.7097 2 -13.6319)
(25.7097 4 -14.6319)
(25.7097 4 -13.6319)
(25.7097 6 -14.6319)
(25.7097 6 -13.6319)
(25.7097 8 -14.6319)
(25.7097 8 -13.6319)
(25.7097 10 -14.6319)
(25.7097 10 -13.6319)
(25.7097 12 -14.6319)
(25.7097 12 -13.6319)
(25.7097 14 -14.6319)
(25.7097 14 -13.6319)
(25.7097 16 -14.6319)
(25.7097 16 -13.6319)
(25.7097 18 -14.6319)
(25.7097 18 -13.6319)
(25.7097 20 -14.6319)
(25.7097 20 -13.6319)
(26.5303 -20 -14.7766)
(26.5303 -20 -13.7766)
(26.5303 -18 -14.7766)
(26.5303 -18 -13.7766)
(26.5303 -16 -14.7766)
(26.5303 -16 -13.7766)
(26.5303 -14 -14.7766)
(26.5303 -14 -13.7766)
(26.5303 -12 -14.7766)
(26.5303 -12 -13.7766)
(26.5303 -10 -14.7766)
(26.5303 -10 -13.7766)
(26.5303 -8 -14.7766)
(26.5303 -8 -13.7766)
(26.5303 -6 -14.7766)
(26.5303 -6 -13.7766)
(26.5303 -4 -14.7766)
(26.5303 -4 -13.7766)
(26.5303 -2 -14.7766)
(26.5303 -2 -13.7766)
(26.5303 0 -14.7766)
(26.5303 0 -13.7766)
(26.5303 2 -14.7766)
(26.5303 2 -13.7766)
(26.5303 4 -14.7766)
(26.5303 4 -13.7766)
(26.5303 6 -14.7766)
(26.5303 6 -13.7766)
(26.5303 8 -14.7766)
(26.5303 8 -13.7766)
(26.5303 10 -14.7766)
(26.5303 10 -13.7766)
(26.5303 12 -14.7766)
(26.5303 12 -13.7766)
(26.5303 14 -14.7766)
(26.5303 14 -13.7766)
(26.5303 16 -14.7766)
(26.5303 16 -13.7766)
(26.5303 18 -14.7766)
(26.5303 18 -13.7766)
(26.5303 20 -14.7766)
(26.5303 20 -13.7766)
(27.351 -20 -14.9213)
(27.351 -20 -13.9213)
(27.351 -18 -14.9213)
(27.351 -18 -13.9213)
(27.351 -16 -14.9213)
(27.351 -16 -13.9213)
(27.351 -14 -14.9213)
(27.351 -14 -13.9213)
(27.351 -12 -14.9213)
(27.351 -12 -13.9213)
(27.351 -10 -14.9213)
(27.351 -10 -13.9213)
(27.351 -8 -14.9213)
(27.351 -8 -13.9213)
(27.351 -6 -14.9213)
(27.351 -6 -13.9213)
(27.351 -4 -14.9213)
(27.351 -4 -13.9213)
(27.351 -2 -14.9213)
(27.351 -2 -13.9213)
(27.351 0 -14.9213)
(27.351 0 -13.9213)
(27.351 2 -14.9213)
(27.351 2 -13.9213)
(27.351 4 -14.9213)
(27.351 4 -13.9213)
(27.351 6 -14.9213)
(27.351 6 -13.9213)
(27.351 8 -14.9213)
(27.351 8 -13.9213)
(27.351 10 -14.9213)
(27.351 10 -13.9213)
(27.351 12 -14.9213)
(27.351 12 -13.9213)
(27.351 14 -14.9213)
(27.351 14 -13.9213)
(27.351 16 -14.9213)
(27.351 16 -13.9213)
(27.351 18 -14.9213)
(27.351 18 -13.9213)
(27.351 20 -14.9213)
(27.351 20 -13.9213)
(28.1717 -20 -15.0661)
(28.1717 -20 -14.0661)
(28.1717 -18 -15.0661)
(28.1717 -18 -14.0661)
(28.1717 -16 -15.0661)
(28.1717 -16 -14.0661)
(28.1717 -14 -15.0661)
(28.1717 -14 -14.0661)
(28.1717 -12 -15.0661)
(28.1717 -12 -14.0661)
(28.1717 -10 -15.0661)
(28.1717 -10 -14.0661)
(28.1717 -8 -15.0661)
(28.1717 -8 -14.0661)
(28.1717 -6 -15.0661)
(28.1717 -6 -14.0661)
(28.1717 -4 -15.0661)
(28.1717 -4 -14.0661)
(28.1717 -2 -15.0661)
(28.1717 -2 -14.0661)
(28.1717 0 -15.0661)
(28.1717 0 -14.0661)
(28.1717 2 -15.0661)
(28.1717 2 -14.0661)
(28.1717 4 -15.0661)
(28.1717 4 -14.0661)
(28.1717 6 -15.0661)
(28.1717 6 -14.0661)
(28.1717 8 -15.0661)
(28.1717 8 -14.0661)
(28.1717 10 -15.0661)
(28.1717 10 -14.0661)
(28.1717 12 -15.0661)
(28.1717 12 -14.0661)
(28.1717 14 -15.0661)
(28.1717 14 -14.0661)
(28.1717 16 -15.0661)
(28.1717 16 -14.0661)
(28.1717 18 -15.0661)
(28.1717 18 -14.0661)
(28.1717 20 -15.0661)
(28.1717 20 -14.0661)
(28.9924 -20 -15.2108)
(28.9924 -20 -14.2108)
(28.9924 -18 -15.2108)
(28.9924 -18 -14.2108)
(28.9924 -16 -15.2108)
(28.9924 -16 -14.2108)
(28.9924 -14 -15.2108)
(28.9924 -14 -14.2108)
(28.9924 -12 -15.2108)
(28.9924 -12 -14.2108)
(28.9924 -10 -15.2108)
(28.9924 -10 -14.2108)
(28.9924 -8 -15.2108)
(28.9924 -8 -14.2108)
(28.9924 -6 -15.2108)
(28.9924 -6 -14.2108)
(28.9924 -4 -15.2108)
(28.9924 -4 -14.2108)
(28.9924 -2 -15.2108)
(28.9924 -2 -14.2108)
(28.9924 0 -15.2108)
(28.9924 0 -14.2108)
(28.9924 2 -15.2108)
(28.9924 2 -14.2108)
(28.9924 4 -15.2108)
(28.9924 4 -14.2108)
(28.9924 6 -15.2108)
(28.9924 6 -14.2108)
(28.9924 8 -15.2108)
(28.9924 8 -14.2108)
(28.9924 10 -15.2108)
(28.9924 10 -14.2108)
(28.9924 12 -15.2108)
(28.9924 12 -14.2108)
(28.9924 14 -15.2108)
(28.9924 14 -14.2108)
(28.9924 16 -15.2108)
(28.9924 16 -14.2108)
(28.9924 18 -15.2108)
(28.9924 18 -14.2108)
(28.9924 20 -15.2108)
(28.9924 20 -14.2108)
(29.813 -20 -15.3555)
(29.813 -20 -14.3555)
(29.813 -18 -15.3555)
(29.813 -18 -14.3555)
(29.813 -16 -15.3555)
(29.813 -16 -14.3555)
(29.813 -14 -15.3555)
(29.813 -14 -14.3555)
(29.813 -12 -15.3555)
(29.813 -12 -14.3555)
(29.813 -10 -15.3555)
(29.813 -10 -14.3555)
(29.813 -8 -15.3555)
(29.813 -8 -14.3555)
(29.813 -6 -15.3555)
(29.813 -6 -14.3555)
(29.813 -4 -15.3555)
(29.813 -4 -14.3555)
(29.813 -2 -15.3555)
(29.813 -2 -14.3555)
(29.813 0 -15.3555)
(29.813 0 -14.3555)
(29.813 2 -15.3555)
(29.813 2 -14.3555)
(29.813 4 -15.3555)
(29.813 4 -14.3555)
(29.813 6 -15.3555)
(29.813 6 -14.3555)
(29.813 8 -15.3555)
(29.813 8 -14.3555)
(29.813 10 -15.3555)
(29.813 10 -14.3555)
(29.813 12 -15.3555)
(29.813 12 -14.3555)
(29.813 14 -15.3555)
(29.813 14 -14.3555)
(29.813 16 -15.3555)
(29.813 16 -14.3555)
(29.813 18 -15.3555)
(29.813 18 -14.3555)
(29.813 20 -15.3555)
(29.813 20 -14.3555)
(30.6337 -20 -15.5002)
(30.6337 -20 -14.5002)
(30.6337 -18 -15.5002)
(30.6337 -18 -14.5002)
(30.6337 -16 -15.5002)
(30.6337 -16 -14.5002)
(30.6337 -14 -15.5002)
(30.6337 -14 -14.5002)
(30.6337 -12 -15.5002)
(30.6337 -12 -14.5002)
(30.6337 -10 -15.5002)
(30.6337 -10 -14.5002)
(30.6337 -8 -15.5002)
(30.6337 -8 -14.5002)
(30.6337 -6 -15.5002)
(30.6337 -6 -14.5002)
(30.6337 -4 -15.5002)
(30.6337 -4 -14.5002)
(30.6337 -2 -15.5002)
(30.6337 -2 -14.5002)
(30.6337 0 -15.5002)
(30.6337 0 -14.5002)
(30.6337 2 -15.5002)
(30.6337 2 -14.5002)
(30.6337 4 -15.5002)
(30.6337 4 -14.5002)
(30.6337 6 -15.5002)
(30.6337 6 -14.5002)
(30.6337 8 -15.5002)
(30.6337 8 -14.5002)
(30.6337 10 -15.5002)
(30.6337 10 -14.5002)
(30.6337 12 -15.5002)
(30.6337 12 -14.5002)
(30.6337 14 -15.5002)
(30.6337 14 -14.5002)
(30.6337 16 -15.5002)
(30.6337 16 -14.5002)
(30.6337 18 -15.5002)
(30.6337 18 -14.5002)
(30.6337 20 -15.5002)
(30.6337 20 -14.5002)
(31.4544 -20 -15.6449)
(31.4544 -20 -14.6449)
(31.4544 -18 -15.6449)
(31.4544 -18 -14.6449)
(31.4544 -16 -15.6449)
(31.4544 -16 -14.6449)
(31.4544 -14 -15.6449)
(31.4544 -14 -14.6449)
(31.4544 -12 -15.6449)
(31.4544 -12 -14.6449)
(31.4544 -10 -15.6449)
(31.4544 -10 -14.6449)
(31.4544 -8 -15.6449)
(31.4544 -8 -14.6449)
(31.4544 -6 -15.6449)
(31.4544 -6 -14.6449)
(31.4544 -4 -15.6449)
(31.4544 -4 -14.6449)
(31.4544 -2 -15.6449)
(31.4544 -2 -14.6449)
(31.4544 0 -15.6449)
(31.4544 0 -14.6449)
(31.4544 2 -15.6449)
(31.4544 2 -14.6449)
(31.4544 4 -15.6449)
(31.4544 4 -14.6449)
(31.4544 6 -15.6449)
(31.4544 6 -14.6449)
(31.4544 8 -15.6449)
(31.4544 8 -14.6449)
(31.4544 10 -15.6449)
(31.4544 10 -14.6449)
(31.4544 12 -15.6449)
(31.4544 12 -14.6449)
(31.4544 14 -15.6449)
(31.4544 14 -14.6449)
(31.4544 16 -15.6449)
(31.4544 16 -14.6449)
(31.4544 18 -15.6449)
(31.4544 18 -14.6449)
(31.4544 20 -15.6449)
(31.4544 20 -14.6449)
(32.2751 -20 -15.7896)
(32.2751 -20 -14.7896)
(32.2751 -18 -15.7896)
(32.2751 -18 -14.7896)
(32.2751 -16 -15.7896)
(32.2751 -16 -14.7896)
(32.2751 -14 -15.7896)
(32.2751 -14 -14.7896)
(32.2751 -12 -15.7896)
(32.2751 -12 -14.7896)
(32.2751 -10 -15.7896)
(32.2751 -10 -14.7896)
(32.2751 -8 -15.7896)
(32.2751 -8 -14.7896)
(32.2751 -6 -15.7896)
(32.2751 -6 -14.7896)
(32.2751 -4 -15.7896)
(32.2751 -4 -14.7896)
(32.2751 -2 -15.7896)
(32.2751 -2 -14.7896)
(32.2751 0 -15.7896)
(32.2751 0 -14.7896)
(32.2751 2 -15.7896)
(32.2751 2 -14.7896)
(32.2751 4 -15.7896)
(32.2751 4 -14.7896)
(32.2751 6 -15.7896)
(32.2751 6 -14.7896)
(32.2751 8 -15.7896)
(32.2751 8 -14.7896)
(32.2751 10 -15.7896)
(32.2751 10 -14.7896)
(32.2751 12 -15.7896)
(32.2751 12 -14.7896)
(32.2751 14 -15.7896)
(32.2751 14 -14.7896)
(32.2751 16 -15.7896)
(32.2751 16 -14.7896)
(32.2751 18 -15.7896)
(32.2751 18 -14.7896)
(32.2751 20 -15.7896)
(32.2751 20 -14.7896)
(33.0957 -20 -15.9343)
(33.0957 -20 -14.9343)
(33.0957 -18 -15.9343)
(33.0957 -18 -14.9343)
(33.0957 -16 -15.9343)
(33.0957 -16 -14.9343)
(33.0957 -14 -15.9343)
(33.0957 -14 -14.9343)
(33.0957 -12 -15.9343)
(33.0957 -12 -14.9343)
(33.0957 -10 -15.9343)
(33.0957 -10 -14.9343)
(33.0957 -8 -15.9343)
(33.0957 -8 -14.9343)
(33.0957 -6 -15.9343)
(33.0957 -6 -14.9343)
(33.0957 -4 -15.9343)
(33.0957 -4 -14.9343)
(33.0957 -2 -15.9343)
(33.0957 -2 -14.9343)
(33.0957 0 -15.9343)
(33.0957 0 -14.9343)
(33.0957 2 -15.9343)
(33.0957 2 -14.9343)
(33.0957 4 -15.9343)
(33.0957 4 -14.9343)
(33.0957 6 -15.9343)
(33.0957 6 -14.9343)
(33.0957 8 -15.9343)
(33.0957 8 -14.9343)
(33.0957 10 -15.9343)
(33.0957 10 -14.9343)
(33.0957 12 -15.9343)
(33.0957 12 -14.9343)
(33.0957 14 -15.9343)
(33.0957 14 -14.9343)
(33.0957 16 -15.9343)
(33.0957 16 -14.9343)
(33.0957 18 -15.9343)
(33.0957 18 -14.9343)
(33.0957 20 -15.9343)
(33.0957 20 -14.9343)
(33.9164 -20 -16.079)
(33.9164 -20 -15.079)
(33.9164 -18 -16.079)
(33.9164 -18 -15.079)
(33.9164 -16 -16.079)
(33.9164 -16 -15.079)
(33.9164 -14 -16.079)
(33.9164 -14 -15.079)
(33.9164 -12 -16.079)
(33.9164 -12 -15.079)
(33.9164 -10 -16.079)
(33.9164 -10 -15.079)
(33.9164 -8 -16.079)
(33.9164 -8 -15.079)
(33.9164 -6 -16.079)
(33.9164 -6 -15.079)
(33.9164 -4 -16.079)
(33.9164 -4 -15.079)
(33.9164 -2 -16.079)
(33.9164 -2 -15.079)
(33.9164 0 -16.079)
(33.9164 0 -15.079)
(33.9164 2 -16.079)
(33.9164 2 -15.079)
(33.9164 4 -16.079)
(33.9164 4 -15.079)
(33.9164 6 -16.079)
(33.9164 6 -15.079)
(33.9164 8 -16.079)
(33.9164 8 -15.079)
(33.9164 10 -16.079)
(33.9164 10 -15.079)
(33.9164 12 -16.079)
(33.9164 12 -15.079)
(33.9164 14 -16.079)
(33.9164 14 -15.079)
(33.9164 16 -16.079)
(33.9164 16 -15.079)
(33.9164 18 -16.079)
(33.9164 18 -15.079)
(33.9164 20 -16.079)
(33.9164 20 -15.079)
(34.7371 -20 -16.2237)
(34.7371 -20 -15.2237)
(34.7371 -18 -16.2237)
(34.7371 -18 -15.2237)
(34.7371 -16 -16.2237)
(34.7371 -16 -15.2237)
(34.7371 -14 -16.2237)
(34.7371 -14 -15.2237)
(34.7371 -12 -16.2237)
(34.7371 -12 -15.2237)
(34.7371 -10 -16.2237)
(34.7371 -10 -15.2237)
(34.7371 -8 -16.2237)
(34.7371 -8 -15.2237)
(34.7371 -6 -16.2237)
(34.7371 -6 -15.2237)
(34.7371 -4 -16.2237)
(34.7371 -4 -15.2237)
(34.7371 -2 -16.2237)
(34.7371 -2 -15.2237)
(34.7371 0 -16.2237)
(34.7371 0 -15.2237)
(34.7371 2 -16.2237)
(34.7371 2 -15.2237)
(34.7371 4 -16.2237)
(34.7371 4 -15.2237)
(34.7371 6 -16.2237)
(34.7371 6 -15.2237)
(34.7371 8 -16.2237)
(34.7371 8 -15.2237)
(34.7371 10 -16.2237)
(34.7371 10 -15.2237)
(34.7371 12 -16.2237)
(34.7371 12 -15.2237)
(34.7371 14 -16.2237)
(34.7371 14 -15.2237)
(34.7371 16 -16.2237)
(34.7371 16 -15.2237)
(34.7371 18 -16.2237)
(34.7371 18 -15.2237)
(34.7371 20 -16.2237)
(34.7371 20 -15.2237)
(35.5578 -20 -16.3684)
(35.5578 -20 -15.3684)
(35.5578 -18 -16.3684)
(35.5578 -18 -15.3684)
(35.5578 -16 -16.3684)
(35.5578 -16 -15.3684)
(35.5578 -14 -16.3684)
(35.5578 -14 -15.3684)
(35.5578 -12 -16.3684)
(35.5578 -12 -15.3684)
(35.5578 -10 -16.3684)
(35.5578 -10 -15.3684)
(35.5578 -8 -16.3684)
(35.5578 -8 -15.3684)
(35.5578 -6 -16.3684)
(35.5578 -6 -15.3684)
(35.5578 -4 -16.3684)
(35.5578 -4 -15.3684)
(35.5578 -2 -16.3684)
(35.5578 -2 -15.3684)
(35.5578 0 -16.3684)
(35.5578 0 -15.3684)
(35.5578 2 -16.3684)
(35.5578 2 -15.3684)
(35.5578 4 -16.3684)
(35.5578 4 -15.3684)
(35.5578 6 -16.3684)
(35.5578 6 -15.3684)
(35.5578 8 -16.3684)
(35.5578 8 -15.3684)
(35.5578 10 -16.3684)
(35.5578 10 -15.3684)
(35.5578 12 -16.3684)
(35.5578 12 -15.3684)
(35.5578 14 -16.3684)
(35.5578 14 -15.3684)
(35.5578 16 -16.3684)
(35.5578 16 -15.3684)
(35.5578 18 -16.3684)
(35.5578 18 -15.3684)
(35.5578 20 -16.3684)
(35.5578 20 -15.3684)
(36.3784 -20 -16.5131)
(36.3784 -20 -15.5131)
(36.3784 -18 -16.5131)
(36.3784 -18 -15.5131)
(36.3784 -16 -16.5131)
(36.3784 -16 -15.5131)
(36.3784 -14 -16.5131)
(36.3784 -14 -15.5131)
(36.3784 -12 -16.5131)
(36.3784 -12 -15.5131)
(36.3784 -10 -16.5131)
(36.3784 -10 -15.5131)
(36.3784 -8 -16.5131)
(36.3784 -8 -15.5131)
(36.3784 -6 -16.5131)
(36.3784 -6 -15.5131)
(36.3784 -4 -16.5131)
(36.3784 -4 -15.5131)
(36.3784 -2 -16.5131)
(36.3784 -2 -15.5131)
(36.3784 0 -16.5131)
(36.3784 0 -15.5131)
(36.3784 2 -16.5131)
(36.3784 2 -15.5131)
(36.3784 4 -16.5131)
(36.3784 4 -15.5131)
(36.3784 6 -16.5131)
(36.3784 6 -15.5131)
(36.3784 8 -16.5131)
(36.3784 8 -15.5131)
(36.3784 10 -16.5131)
(36.3784 10 -15.5131)
(36.3784 12 -16.5131)
(36.3784 12 -15.5131)
(36.3784 14 -16.5131)
(36.3784 14 -15.5131)
(36.3784 16 -16.5131)
(36.3784 16 -15.5131)
(36.3784 18 -16.5131)
(36.3784 18 -15.5131)
(36.3784 20 -16.5131)
(36.3784 20 -15.5131)
(37.1991 -20 -16.6578)
(37.1991 -20 -15.6578)
(37.1991 -18 -16.6578)
(37.1991 -18 -15.6578)
(37.1991 -16 -16.6578)
(37.1991 -16 -15.6578)
(37.1991 -14 -16.6578)
(37.1991 -14 -15.6578)
(37.1991 -12 -16.6578)
(37.1991 -12 -15.6578)
(37.1991 -10 -16.6578)
(37.1991 -10 -15.6578)
(37.1991 -8 -16.6578)
(37.1991 -8 -15.6578)
(37.1991 -6 -16.6578)
(37.1991 -6 -15.6578)
(37.1991 -4 -16.6578)
(37.1991 -4 -15.6578)
(37.1991 -2 -16.6578)
(37.1991 -2 -15.6578)
(37.1991 0 -16.6578)
(37.1991 0 -15.6578)
(37.1991 2 -16.6578)
(37.1991 2 -15.6578)
(37.1991 4 -16.6578)
(37.1991 4 -15.6578)
(37.1991 6 -16.6578)
(37.1991 6 -15.6578)
(37.1991 8 -16.6578)
(37.1991 8 -15.6578)
(37.1991 10 -16.6578)
(37.1991 10 -15.6578)
(37.1991 12 -16.6578)
(37.1991 12 -15.6578)
(37.1991 14 -16.6578)
(37.1991 14 -15.6578)
(37.1991 16 -16.6578)
(37.1991 16 -15.6578)
(37.1991 18 -16.6578)
(37.1991 18 -15.6578)
(37.1991 20 -16.6578)
(37.1991 20 -15.6578)
(38.0198 -20 -16.8025)
(38.0198 -20 -15.8025)
(38.0198 -18 -16.8025)
(38.0198 -18 -15.8025)
(38.0198 -16 -16.8025)
(38.0198 -16 -15.8025)
(38.0198 -14 -16.8025)
(38.0198 -14 -15.8025)
(38.0198 -12 -16.8025)
(38.0198 -12 -15.8025)
(38.0198 -10 -16.8025)
(38.0198 -10 -15.8025)
(38.0198 -8 -16.8025)
(38.0198 -8 -15.8025)
(38.0198 -6 -16.8025)
(38.0198 -6 -15.8025)
(38.0198 -4 -16.8025)
(38.0198 -4 -15.8025)
(38.0198 -2 -16.8025)
(38.0198 -2 -15.8025)
(38.0198 0 -16.8025)
(38.0198 0 -15.8025)
(38.0198 2 -16.8025)
(38.0198 2 -15.8025)
(38.0198 4 -16.8025)
(38.0198 4 -15.8025)
(38.0198 6 -16.8025)
(38.0198 6 -15.8025)
(38.0198 8 -16.8025)
(38.0198 8 -15.8025)
(38.0198 10 -16.8025)
(38.0198 10 -15.8025)
(38.0198 12 -16.8025)
(38.0198 12 -15.8025)
(38.0198 14 -16.8025)
(38.0198 14 -15.8025)
(38.0198 16 -16.8025)
(38.0198 16 -15.8025)
(38.0198 18 -16.8025)
(38.0198 18 -15.8025)
(38.0198 20 -16.8025)
(38.0198 20 -15.8025)
(38.8404 -20 -16.9472)
(38.8404 -20 -15.9472)
(38.8404 -18 -16.9472)
(38.8404 -18 -15.9472)
(38.8404 -16 -16.9472)
(38.8404 -16 -15.9472)
(38.8404 -14 -16.9472)
(38.8404 -14 -15.9472)
(38.8404 -12 -16.9472)
(38.8404 -12 -15.9472)
(38.8404 -10 -16.9472)
(38.8404 -10 -15.9472)
(38.8404 -8 -16.9472)
(38.8404 -8 -15.9472)
(38.8404 -6 -16.9472)
(38.8404 -6 -15.9472)
(38.8404 -4 -16.9472)
(38.8404 -4 -15.9472)
(38.8404 -2 -16.9472)
(38.8404 -2 -15.9472)
(38.8404 0 -16.9472)
(38.8404 0 -15.9472)
(38.8404 2 -16.9472)
(38.8404 2 -15.9472)
(38.8404 4 -16.9472)
(38.8404 4 -15.9472)
(38.8404 6 -16.9472)
(38.8404 6 -15.9472)
(38.8404 8 -16.9472)
(38.8404 8 -15.9472)
(38.8404 10 -16.9472)
(38.8404 10 -15.9472)
(38.8404 12 -16.9472)
(38.8404 12 -15.9472)
(38.8404 14 -16.9472)
(38.8404 14 -15.9472)
(38.8404 16 -16.9472)
(38.8404 16 -15.9472)
(38.8404 18 -16.9472)
(38.8404 18 -15.9472)
(38.8404 20 -16.9472)
(38.8404 20 -15.9472)
(39.6611 -20 -17.0919)
(39.6611 -20 -16.0919)
(39.6611 -18 -17.0919)
(39.6611 -18 -16.0919)
(39.6611 -16 -17.0919)
(39.6611 -16 -16.0919)
(39.6611 -14 -17.0919)
(39.6611 -14 -16.0919)
(39.6611 -12 -17.0919)
(39.6611 -12 -16.0919)
(39.6611 -10 -17.0919)
(39.6611 -10 -16.0919)
(39.6611 -8 -17.0919)
(39.6611 -8 -16.0919)
(39.6611 -6 -17.0919)
(39.6611 -6 -16.0919)
(39.6611 -4 -17.0919)
(39.6611 -4 -16.0919)
(39.6611 -2 -17.0919)
(39.6611 -2 -16.0919)
(39.6611 0 -17.0919)
(39.6611 0 -16.0919)
(39.6611 2 -17.0919)
(39.6611 2 -16.0919)
(39.6611 4 -17.0919)
(39.6611 4 -16.0919)
(39.6611 6 -17.0919)
(39.6611 6 -16.0919)
(39.6611 8 -17.0919)
(39.6611 8 -16.0919)
(39.6611 10 -17.0919)
(39.6611 10 -16.0919)
(39.6611 12 -17.0919)
(39.6611 12 -16.0919)
(39.6611 14 -17.0919)
(39.6611 14 -16.0919)
(39.6611 16 -17.0919)
(39.6611 16 -16.0919)
(39.6611 18 -17.0919)
(39.6611 18 -16.0919)
(39.6611 20 -17.0919)
(39.6611 20 -16.0919)
(40.4818 -20 -17.2367)
(40.4818 -20 -16.2367)
(40.4818 -18 -17.2367)
(40.4818 -18 -16.2367)
(40.4818 -16 -17.2367)
(40.4818 -16 -16.2367)
(40.4818 -14 -17.2367)
(40.4818 -14 -16.2367)
(40.4818 -12 -17.2367)
(40.4818 -12 -16.2367)
(40.4818 -10 -17.2367)
(40.4818 -10 -16.2367)
(40.4818 -8 -17.2367)
(40.4818 -8 -16.2367)
(40.4818 -6 -17.2367)
(40.4818 -6 -16.2367)
(40.4818 -4 -17.2367)
(40.4818 -4 -16.2367)
(40.4818 -2 -17.2367)
(40.4818 -2 -16.2367)
(40.4818 0 -17.2367)
(40.4818 0 -16.2367)
(40.4818 2 -17.2367)
(40.4818 2 -16.2367)
(40.4818 4 -17.2367)
(40.4818 4 -16.2367)
(40.4818 6 -17.2367)
(40.4818 6 -16.2367)
(40.4818 8 -17.2367)
(40.4818 8 -16.2367)
(40.4818 10 -17.2367)
(40.4818 10 -16.2367)
(40.4818 12 -17.2367)
(40.4818 12 -16.2367)
(40.4818 14 -17.2367)
(40.4818 14 -16.2367)
(40.4818 16 -17.2367)
(40.4818 16 -16.2367)
(40.4818 18 -17.2367)
(40.4818 18 -16.2367)
(40.4818 20 -17.2367)
(40.4818 20 -16.2367)
(41.3025 -20 -17.3814)
(41.3025 -20 -16.3814)
(41.3025 -18 -17.3814)
(41.3025 -18 -16.3814)
(41.3025 -16 -17.3814)
(41.3025 -16 -16.3814)
(41.3025 -14 -17.3814)
(41.3025 -14 -16.3814)
(41.3025 -12 -17.3814)
(41.3025 -12 -16.3814)
(41.3025 -10 -17.3814)
(41.3025 -10 -16.3814)
(41.3025 -8 -17.3814)
(41.3025 -8 -16.3814)
(41.3025 -6 -17.3814)
(41.3025 -6 -16.3814)
(41.3025 -4 -17.3814)
(41.3025 -4 -16.3814)
(41.3025 -2 -17.3814)
(41.3025 -2 -16.3814)
(41.3025 0 -17.3814)
(41.3025 0 -16.3814)
(41.3025 2 -17.3814)
(41.3025 2 -16.3814)
(41.3025 4 -17.3814)
(41.3025 4 -16.3814)
(41.3025 6 -17.3814)
(41.3025 6 -16.3814)
(41.3025 8 -17.3814)
(41.3025 8 -16.3814)
(41.3025 10 -17.3814)
(41.3025 10 -16.3814)
(41.3025 12 -17.3814)
(41.3025 12 -16.3814)
(41.3025 14 -17.3814)
(41.3025 14 -16.3814)
(41.3025 16 -17.3814)
(41.3025 16 -16.3814)
(41.3025 18 -17.3814)
(41.3025 18 -16.3814)
(41.3025 20 -17.3814)
(41.3025 20 -16.3814)
(42.1231 -20 -17.5261)
(42.1231 -20 -16.5261)
(42.1231 -18 -17.5261)
(42.1231 -18 -16.5261)
(42.1231 -16 -17.5261)
(42.1231 -16 -16.5261)
(42.1231 -14 -17.5261)
(42.1231 -14 -16.5261)
(42.1231 -12 -17.5261)
(42.1231 -12 -16.5261)
(42.1231 -10 -17.5261)
(42.1231 -10 -16.5261)
(42.1231 -8 -17.5261)
(42.1231 -8 -16.5261)
(42.1231 -6 -17.5261)
(42.1231 -6 -16.5261)
(42.1231 -4 -17.5261)
(42.1231 -4 -16.5261)
(42.1231 -2 -17.5261)
(42.1231 -2 -16.5261)
(42.1231 0 -17.5261)
(42.1231 0 -16.5261)
(42.1231 2 -17.5261)
(42.1231 2 -16.5261)
(42.1231 4 -17.5261)
(42.1231 4 -16.5261)
(42.1231 6 -17.5261)
(42.1231 6 -16.5261)
(42.1231 8 -17.5261)
(42.1231 8 -16.5261)
(42.1231 10 -17.5261)
(42.1231 10 -16.5261)
(42.1231 12 -17.5261)
(42.1231 12 -16.5261)
(42.1231 14 -17.5261)
(42.1231 14 -16.5261)
(42.1231 16 -17.5261)
(42.1231 16 -16.5261)
(42.1231 18 -17.5261)
(42.1231 18 -16.5261)
(42.1231 20 -17.5261)
(42.1231 20 -16.5261)
(42.9438 -20 -17.6708)
(42.9438 -20 -16.6708)
(42.9438 -18 -17.6708)
(42.9438 -18 -16.6708)
(42.9438 -16 -17.6708)
(42.9438 -16 -16.6708)
(42.9438 -14 -17.6708)
(42.9438 -14 -16.6708)
(42.9438 -12 -17.6708)
(42.9438 -12 -16.6708)
(42.9438 -10 -17.6708)
(42.9438 -10 -16.6708)
(42.9438 -8 -17.6708)
(42.9438 -8 -16.6708)
(42.9438 -6 -17.6708)
(42.9438 -6 -16.6708)
(42.9438 -4 -17.6708)
(42.9438 -4 -16.6708)
(42.9438 -2 -17.6708)
(42.9438 -2 -16.6708)
(42.9438 0 -17.6708)
(42.9438 0 -16.6708)
(42.9438 2 -17.6708)
(42.9438 2 -16.6708)
(42.9438 4 -17.6708)
(42.9438 4 -16.6708)
(42.9438 6 -17.6708)
(42.9438 6 -16.6708)
(42.9438 8 -17.6708)
(42.9438 8 -16.6708)
(42.9438 10 -17.6708)
(42.9438 10 -16.6708)
(42.9438 12 -17.6708)
(42.9438 12 -16.6708)
(42.9438 14 -17.6708)
(42.9438 14 -16.6708)
(42.9438 16 -17.6708)
(42.9438 16 -16.6708)
(42.9438 18 -17.6708)
(42.9438 18 -16.6708)
(42.9438 20 -17.6708)
(42.9438 20 -16.6708)
(43.7645 -20 -17.8155)
(43.7645 -20 -16.8155)
(43.7645 -18 -17.8155)
(43.7645 -18 -16.8155)
(43.7645 -16 -17.8155)
(43.7645 -16 -16.8155)
(43.7645 -14 -17.8155)
(43.7645 -14 -16.8155)
(43.7645 -12 -17.8155)
(43.7645 -12 -16.8155)
(43.7645 -10 -17.8155)
(43.7645 -10 -16.8155)
(43.7645 -8 -17.8155)
(43.7645 -8 -16.8155)
(43.7645 -6 -17.8155)
(43.7645 -6 -16.8155)
(43.7645 -4 -17.8155)
(43.7645 -4 -16.8155)
(43.7645 -2 -17.8155)
(43.7645 -2 -16.8155)
(43.7645 0 -17.8155)
(43.7645 0 -16.8155)
(43.7645 2 -17.8155)
(43.7645 2 -16.8155)
(43.7645 4 -17.8155)
(43.7645 4 -16.8155)
(43.7645 6 -17.8155)
(43.7645 6 -16.8155)
(43.7645 8 -17.8155)
(43.7645 8 -16.8155)
(43.7645 10 -17.8155)
(43.7645 10 -16.8155)
(43.7645 12 -17.8155)
(43.7645 12 -16.8155)
(43.7645 14 -17.8155)
(43.7645 14 -16.8155)
(43.7645 16 -17.8155)
(43.7645 16 -16.8155)
(43.7645 18 -17.8155)
(43.7645 18 -16.8155)
(43.7645 20 -17.8155)
(43.7645 20 -16.8155)
(44.5852 -20 -17.9602)
(44.5852 -20 -16.9602)
(44.5852 -18 -17.9602)
(44.5852 -18 -16.9602)
(44.5852 -16 -17.9602)
(44.5852 -16 -16.9602)
(44.5852 -14 -17.9602)
(44.5852 -14 -16.9602)
(44.5852 -12 -17.9602)
(44.5852 -12 -16.9602)
(44.5852 -10 -17.9602)
(44.5852 -10 -16.9602)
(44.5852 -8 -17.9602)
(44.5852 -8 -16.9602)
(44.5852 -6 -17.9602)
(44.5852 -6 -16.9602)
(44.5852 -4 -17.9602)
(44.5852 -4 -16.9602)
(44.5852 -2 -17.9602)
(44.5852 -2 -16.9602)
(44.5852 0 -17.9602)
(44.5852 0 -16.9602)
(44.5852 2 -17.9602)
(44.5852 2 -16.9602)
(44.5852 4 -17.9602)
(44.5852 4 -16.9602)
(44.5852 6 -17.9602)
(44.5852 6 -16.9602)
(44.5852 8 -17.9602)
(44.5852 8 -16.9602)
(44.5852 10 -17.9602)
(44.5852 10 -16.9602)
(44.5852 12 -17.9602)
(44.5852 12 -16.9602)
(44.5852 14 -17.9602)
(44.5852 14 -16.9602)
(44.5852 16 -17.9602)
(44.5852 16 -16.9602)
(44.5852 18 -17.9602)
(44.5852 18 -16.9602)
(44.5852 20 -17.9602)
(44.5852 20 -16.9602)
(45.4058 -20 -18.1049)
(45.4058 -20 -17.1049)
(45.4058 -18 -18.1049)
(45.4058 -18 -17.1049)
(45.4058 -16 -18.1049)
(45.4058 -16 -17.1049)
(45.4058 -14 -18.1049)
(45.4058 -14 -17.1049)
(45.4058 -12 -18.1049)
(45.4058 -12 -17.1049)
(45.4058 -10 -18.1049)
(45.4058 -10 -17.1049)
(45.4058 -8 -18.1049)
(45.4058 -8 -17.1049)
(45.4058 -6 -18.1049)
(45.4058 -6 -17.1049)
(45.4058 -4 -18.1049)
(45.4058 -4 -17.1049)
(45.4058 -2 -18.1049)
(45.4058 -2 -17.1049)
(45.4058 0 -18.1049)
(45.4058 0 -17.1049)
(45.4058 2 -18.1049)
(45.4058 2 -17.1049)
(45.4058 4 -18.1049)
(45.4058 4 -17.1049)
(45.4058 6 -18.1049)
(45.4058 6 -17.1049)
(45.4058 8 -18.1049)
(45.4058 8 -17.1049)
(45.4058 10 -18.1049)
(45.4058 10 -17.1049)
(45.4058 12 -18.1049)
(45.4058 12 -17.1049)
(45.4058 14 -18.1049)
(45.4058 14 -17.1049)
(45.4058 16 -18.1049)
(45.4058 16 -17.1049)
(45.4058 18 -18.1049)
(45.4058 18 -17.1049)
(45.4058 20 -18.1049)
(45.4058 20 -17.1049)
)


// ************************************************************************* //
