/*--------------------------------*- C++ -*----------------------------------*\
| =========                 |                                                 |
| \\      /  F ield         | OpenFOAM: The Open Source CFD Toolbox           |
|  \\    /   O peration     | Version:  2312                                  |
|   \\  /    A nd           | Website:  www.openfoam.com                      |
|    \\/     M anipulation  |                                                 |
\*---------------------------------------------------------------------------*/
FoamFile
{
    version     2.0;
    format      ascii;
    arch        "LSB;label=32;scalar=64";
    class       faceList;
    location    "constant/polyMesh";
    object      faces;
}
// * * * * * * * * * * * * * * * * * * * * * * * * * * * * * * * * * * * * * //


2000
(
4(0 41 42 1)
4(1 42 43 2)
4(2 43 44 3)
4(3 44 45 4)
4(4 45 46 5)
4(5 46 47 6)
4(6 47 48 7)
4(7 48 49 8)
4(8 49 50 9)
4(9 50 51 10)
4(10 51 52 11)
4(11 52 53 12)
4(12 53 54 13)
4(13 54 55 14)
4(14 55 56 15)
4(15 56 57 16)
4(16 57 58 17)
4(17 58 59 18)
4(18 59 60 19)
4(19 60 61 20)
4(20 61 62 21)
4(21 62 63 22)
4(22 63 64 23)
4(23 64 65 24)
4(24 65 66 25)
4(25 66 67 26)
4(26 67 68 27)
4(27 68 69 28)
4(28 69 70 29)
4(29 70 71 30)
4(30 71 72 31)
4(31 72 73 32)
4(32 73 74 33)
4(33 74 75 34)
4(34 75 76 35)
4(35 76 77 36)
4(36 77 78 37)
4(37 78 79 38)
4(38 79 80 39)
4(39 80 81 40)
4(41 82 83 42)
4(42 83 84 43)
4(43 84 85 44)
4(44 85 86 45)
4(45 86 87 46)
4(46 87 88 47)
4(47 88 89 48)
4(48 89 90 49)
4(49 90 91 50)
4(50 91 92 51)
4(51 92 93 52)
4(52 93 94 53)
4(53 94 95 54)
4(54 95 96 55)
4(55 96 97 56)
4(56 97 98 57)
4(57 98 99 58)
4(58 99 100 59)
4(59 100 101 60)
4(60 101 102 61)
4(61 102 103 62)
4(62 103 104 63)
4(63 104 105 64)
4(64 105 106 65)
4(65 106 107 66)
4(66 107 108 67)
4(67 108 109 68)
4(68 109 110 69)
4(69 110 111 70)
4(70 111 112 71)
4(71 112 113 72)
4(72 113 114 73)
4(73 114 115 74)
4(74 115 116 75)
4(75 116 117 76)
4(76 117 118 77)
4(77 118 119 78)
4(78 119 120 79)
4(79 120 121 80)
4(80 121 122 81)
4(82 123 124 83)
4(83 124 125 84)
4(84 125 126 85)
4(85 126 127 86)
4(86 127 128 87)
4(87 128 129 88)
4(88 129 130 89)
4(89 130 131 90)
4(90 131 132 91)
4(91 132 133 92)
4(92 133 134 93)
4(93 134 135 94)
4(94 135 136 95)
4(95 136 137 96)
4(96 137 138 97)
4(97 138 139 98)
4(98 139 140 99)
4(99 140 141 100)
4(100 141 142 101)
4(101 142 143 102)
4(102 143 144 103)
4(103 144 145 104)
4(104 145 146 105)
4(105 146 147 106)
4(106 147 148 107)
4(107 148 149 108)
4(108 149 150 109)
4(109 150 151 110)
4(110 151 152 111)
4(111 152 153 112)
4(112 153 154 113)
4(113 154 155 114)
4(114 155 156 115)
4(115 156 157 116)
4(116 157 158 117)
4(117 158 159 118)
4(118 159 160 119)
4(119 160 161 120)
4(120 161 162 121)
4(121 162 163 122)
4(123 164 165 124)
4(124 165 166 125)
4(125 166 167 126)
4(126 167 168 127)
4(127 168 169 128)
4(128 169 170 129)
4(129 170 171 130)
4(130 171 172 131)
4(131 172 173 132)
4(132 173 174 133)
4(133 174 175 134)
4(134 175 176 135)
4(135 176 177 136)
4(136 177 178 137)
4(137 178 179 138)
4(138 179 180 139)
4(139 180 181 140)
4(140 181 182 141)
4(141 182 183 142)
4(142 183 184 143)
4(143 184 185 144)
4(144 185 186 145)
4(145 186 187 146)
4(146 187 188 147)
4(147 188 189 148)
4(148 189 190 149)
4(149 190 191 150)
4(150 191 192 151)
4(151 192 193 152)
4(152 193 194 153)
4(153 194 195 154)
4(154 195 196 155)
4(155 196 197 156)
4(156 197 198 157)
4(157 198 199 158)
4(158 199 200 159)
4(159 200 201 160)
4(160 201 202 161)
4(161 202 203 162)
4(162 203 204 163)
4(164 205 206 165)
4(165 206 207 166)
4(166 207 208 167)
4(167 208 209 168)
4(168 209 210 169)
4(169 210 211 170)
4(170 211 212 171)
4(171 212 213 172)
4(172 213 214 173)
4(173 214 215 174)
4(174 215 216 175)
4(175 216 217 176)
4(176 217 218 177)
4(177 218 219 178)
4(178 219 220 179)
4(179 220 221 180)
4(180 221 222 181)
4(181 222 223 182)
4(182 223 224 183)
4(183 224 225 184)
4(184 225 226 185)
4(185 226 227 186)
4(186 227 228 187)
4(187 228 229 188)
4(188 229 230 189)
4(189 230 231 190)
4(190 231 232 191)
4(191 232 233 192)
4(192 233 234 193)
4(193 234 235 194)
4(194 235 236 195)
4(195 236 237 196)
4(196 237 238 197)
4(197 238 239 198)
4(198 239 240 199)
4(199 240 241 200)
4(200 241 242 201)
4(201 242 243 202)
4(202 243 244 203)
4(203 244 245 204)
4(205 246 247 206)
4(206 247 248 207)
4(207 248 249 208)
4(208 249 250 209)
4(209 250 251 210)
4(210 251 252 211)
4(211 252 253 212)
4(212 253 254 213)
4(213 254 255 214)
4(214 255 256 215)
4(215 256 257 216)
4(216 257 258 217)
4(217 258 259 218)
4(218 259 260 219)
4(219 260 261 220)
4(220 261 262 221)
4(221 262 263 222)
4(222 263 264 223)
4(223 264 265 224)
4(224 265 266 225)
4(225 266 267 226)
4(226 267 268 227)
4(227 268 269 228)
4(228 269 270 229)
4(229 270 271 230)
4(230 271 272 231)
4(231 272 273 232)
4(232 273 274 233)
4(233 274 275 234)
4(234 275 276 235)
4(235 276 277 236)
4(236 277 278 237)
4(237 278 279 238)
4(238 279 280 239)
4(239 280 281 240)
4(240 281 282 241)
4(241 282 283 242)
4(242 283 284 243)
4(243 284 285 244)
4(244 285 286 245)
4(246 287 288 247)
4(247 288 289 248)
4(248 289 290 249)
4(249 290 291 250)
4(250 291 292 251)
4(251 292 293 252)
4(252 293 294 253)
4(253 294 295 254)
4(254 295 296 255)
4(255 296 297 256)
4(256 297 298 257)
4(257 298 299 258)
4(258 299 300 259)
4(259 300 301 260)
4(260 301 302 261)
4(261 302 303 262)
4(262 303 304 263)
4(263 304 305 264)
4(264 305 306 265)
4(265 306 307 266)
4(266 307 308 267)
4(267 308 309 268)
4(268 309 310 269)
4(269 310 311 270)
4(270 311 312 271)
4(271 312 313 272)
4(272 313 314 273)
4(273 314 315 274)
4(274 315 316 275)
4(275 316 317 276)
4(276 317 318 277)
4(277 318 319 278)
4(278 319 320 279)
4(279 320 321 280)
4(280 321 322 281)
4(281 322 323 282)
4(282 323 324 283)
4(283 324 325 284)
4(284 325 326 285)
4(285 326 327 286)
4(287 328 329 288)
4(288 329 330 289)
4(289 330 331 290)
4(290 331 332 291)
4(291 332 333 292)
4(292 333 334 293)
4(293 334 335 294)
4(294 335 336 295)
4(295 336 337 296)
4(296 337 338 297)
4(297 338 339 298)
4(298 339 340 299)
4(299 340 341 300)
4(300 341 342 301)
4(301 342 343 302)
4(302 343 344 303)
4(303 344 345 304)
4(304 345 346 305)
4(305 346 347 306)
4(306 347 348 307)
4(307 348 349 308)
4(308 349 350 309)
4(309 350 351 310)
4(310 351 352 311)
4(311 352 353 312)
4(312 353 354 313)
4(313 354 355 314)
4(314 355 356 315)
4(315 356 357 316)
4(316 357 358 317)
4(317 358 359 318)
4(318 359 360 319)
4(319 360 361 320)
4(320 361 362 321)
4(321 362 363 322)
4(322 363 364 323)
4(323 364 365 324)
4(324 365 366 325)
4(325 366 367 326)
4(326 367 368 327)
4(328 369 370 329)
4(329 370 371 330)
4(330 371 372 331)
4(331 372 373 332)
4(332 373 374 333)
4(333 374 375 334)
4(334 375 376 335)
4(335 376 377 336)
4(336 377 378 337)
4(337 378 379 338)
4(338 379 380 339)
4(339 380 381 340)
4(340 381 382 341)
4(341 382 383 342)
4(342 383 384 343)
4(343 384 385 344)
4(344 385 386 345)
4(345 386 387 346)
4(346 387 388 347)
4(347 388 389 348)
4(348 389 390 349)
4(349 390 391 350)
4(350 391 392 351)
4(351 392 393 352)
4(352 393 394 353)
4(353 394 395 354)
4(354 395 396 355)
4(355 396 397 356)
4(356 397 398 357)
4(357 398 399 358)
4(358 399 400 359)
4(359 400 401 360)
4(360 401 402 361)
4(361 402 403 362)
4(362 403 404 363)
4(363 404 405 364)
4(364 405 406 365)
4(365 406 407 366)
4(366 407 408 367)
4(367 408 409 368)
4(369 410 411 370)
4(370 411 412 371)
4(371 412 413 372)
4(372 413 414 373)
4(373 414 415 374)
4(374 415 416 375)
4(375 416 417 376)
4(376 417 418 377)
4(377 418 419 378)
4(378 419 420 379)
4(379 420 421 380)
4(380 421 422 381)
4(381 422 423 382)
4(382 423 424 383)
4(383 424 425 384)
4(384 425 426 385)
4(385 426 427 386)
4(386 427 428 387)
4(387 428 429 388)
4(388 429 430 389)
4(389 430 431 390)
4(390 431 432 391)
4(391 432 433 392)
4(392 433 434 393)
4(393 434 435 394)
4(394 435 436 395)
4(395 436 437 396)
4(396 437 438 397)
4(397 438 439 398)
4(398 439 440 399)
4(399 440 441 400)
4(400 441 442 401)
4(401 442 443 402)
4(402 443 444 403)
4(403 444 445 404)
4(404 445 446 405)
4(405 446 447 406)
4(406 447 448 407)
4(407 448 449 408)
4(408 449 450 409)
4(410 451 452 411)
4(411 452 453 412)
4(412 453 454 413)
4(413 454 455 414)
4(414 455 456 415)
4(415 456 457 416)
4(416 457 458 417)
4(417 458 459 418)
4(418 459 460 419)
4(419 460 461 420)
4(420 461 462 421)
4(421 462 463 422)
4(422 463 464 423)
4(423 464 465 424)
4(424 465 466 425)
4(425 466 467 426)
4(426 467 468 427)
4(427 468 469 428)
4(428 469 470 429)
4(429 470 471 430)
4(430 471 472 431)
4(431 472 473 432)
4(432 473 474 433)
4(433 474 475 434)
4(434 475 476 435)
4(435 476 477 436)
4(436 477 478 437)
4(437 478 479 438)
4(438 479 480 439)
4(439 480 481 440)
4(440 481 482 441)
4(441 482 483 442)
4(442 483 484 443)
4(443 484 485 444)
4(444 485 486 445)
4(445 486 487 446)
4(446 487 488 447)
4(447 488 489 448)
4(448 489 490 449)
4(449 490 491 450)
4(451 492 493 452)
4(452 493 494 453)
4(453 494 495 454)
4(454 495 496 455)
4(455 496 497 456)
4(456 497 498 457)
4(457 498 499 458)
4(458 499 500 459)
4(459 500 501 460)
4(460 501 502 461)
4(461 502 503 462)
4(462 503 504 463)
4(463 504 505 464)
4(464 505 506 465)
4(465 506 507 466)
4(466 507 508 467)
4(467 508 509 468)
4(468 509 510 469)
4(469 510 511 470)
4(470 511 512 471)
4(471 512 513 472)
4(472 513 514 473)
4(473 514 515 474)
4(474 515 516 475)
4(475 516 517 476)
4(476 517 518 477)
4(477 518 519 478)
4(478 519 520 479)
4(479 520 521 480)
4(480 521 522 481)
4(481 522 523 482)
4(482 523 524 483)
4(483 524 525 484)
4(484 525 526 485)
4(485 526 527 486)
4(486 527 528 487)
4(487 528 529 488)
4(488 529 530 489)
4(489 530 531 490)
4(490 531 532 491)
4(492 533 534 493)
4(493 534 535 494)
4(494 535 536 495)
4(495 536 537 496)
4(496 537 538 497)
4(497 538 539 498)
4(498 539 540 499)
4(499 540 541 500)
4(500 541 542 501)
4(501 542 543 502)
4(502 543 544 503)
4(503 544 545 504)
4(504 545 546 505)
4(505 546 547 506)
4(506 547 548 507)
4(507 548 549 508)
4(508 549 550 509)
4(509 550 551 510)
4(510 551 552 511)
4(511 552 553 512)
4(512 553 554 513)
4(513 554 555 514)
4(514 555 556 515)
4(515 556 557 516)
4(516 557 558 517)
4(517 558 559 518)
4(518 559 560 519)
4(519 560 561 520)
4(520 561 562 521)
4(521 562 563 522)
4(522 563 564 523)
4(523 564 565 524)
4(524 565 566 525)
4(525 566 567 526)
4(526 567 568 527)
4(527 568 569 528)
4(528 569 570 529)
4(529 570 571 530)
4(530 571 572 531)
4(531 572 573 532)
4(533 574 575 534)
4(534 575 576 535)
4(535 576 577 536)
4(536 577 578 537)
4(537 578 579 538)
4(538 579 580 539)
4(539 580 581 540)
4(540 581 582 541)
4(541 582 583 542)
4(542 583 584 543)
4(543 584 585 544)
4(544 585 586 545)
4(545 586 587 546)
4(546 587 588 547)
4(547 588 589 548)
4(548 589 590 549)
4(549 590 591 550)
4(550 591 592 551)
4(551 592 593 552)
4(552 593 594 553)
4(553 594 595 554)
4(554 595 596 555)
4(555 596 597 556)
4(556 597 598 557)
4(557 598 599 558)
4(558 599 600 559)
4(559 600 601 560)
4(560 601 602 561)
4(561 602 603 562)
4(562 603 604 563)
4(563 604 605 564)
4(564 605 606 565)
4(565 606 607 566)
4(566 607 608 567)
4(567 608 609 568)
4(568 609 610 569)
4(569 610 611 570)
4(570 611 612 571)
4(571 612 613 572)
4(572 613 614 573)
4(574 615 616 575)
4(575 616 617 576)
4(576 617 618 577)
4(577 618 619 578)
4(578 619 620 579)
4(579 620 621 580)
4(580 621 622 581)
4(581 622 623 582)
4(582 623 624 583)
4(583 624 625 584)
4(584 625 626 585)
4(585 626 627 586)
4(586 627 628 587)
4(587 628 629 588)
4(588 629 630 589)
4(589 630 631 590)
4(590 631 632 591)
4(591 632 633 592)
4(592 633 634 593)
4(593 634 635 594)
4(594 635 636 595)
4(595 636 637 596)
4(596 637 638 597)
4(597 638 639 598)
4(598 639 640 599)
4(599 640 641 600)
4(600 641 642 601)
4(601 642 643 602)
4(602 643 644 603)
4(603 644 645 604)
4(604 645 646 605)
4(605 646 647 606)
4(606 647 648 607)
4(607 648 649 608)
4(608 649 650 609)
4(609 650 651 610)
4(610 651 652 611)
4(611 652 653 612)
4(612 653 654 613)
4(613 654 655 614)
4(615 656 657 616)
4(616 657 658 617)
4(617 658 659 618)
4(618 659 660 619)
4(619 660 661 620)
4(620 661 662 621)
4(621 662 663 622)
4(622 663 664 623)
4(623 664 665 624)
4(624 665 666 625)
4(625 666 667 626)
4(626 667 668 627)
4(627 668 669 628)
4(628 669 670 629)
4(629 670 671 630)
4(630 671 672 631)
4(631 672 673 632)
4(632 673 674 633)
4(633 674 675 634)
4(634 675 676 635)
4(635 676 677 636)
4(636 677 678 637)
4(637 678 679 638)
4(638 679 680 639)
4(639 680 681 640)
4(640 681 682 641)
4(641 682 683 642)
4(642 683 684 643)
4(643 684 685 644)
4(644 685 686 645)
4(645 686 687 646)
4(646 687 688 647)
4(647 688 689 648)
4(648 689 690 649)
4(649 690 691 650)
4(650 691 692 651)
4(651 692 693 652)
4(652 693 694 653)
4(653 694 695 654)
4(654 695 696 655)
4(656 697 698 657)
4(657 698 699 658)
4(658 699 700 659)
4(659 700 701 660)
4(660 701 702 661)
4(661 702 703 662)
4(662 703 704 663)
4(663 704 705 664)
4(664 705 706 665)
4(665 706 707 666)
4(666 707 708 667)
4(667 708 709 668)
4(668 709 710 669)
4(669 710 711 670)
4(670 711 712 671)
4(671 712 713 672)
4(672 713 714 673)
4(673 714 715 674)
4(674 715 716 675)
4(675 716 717 676)
4(676 717 718 677)
4(677 718 719 678)
4(678 719 720 679)
4(679 720 721 680)
4(680 721 722 681)
4(681 722 723 682)
4(682 723 724 683)
4(683 724 725 684)
4(684 725 726 685)
4(685 726 727 686)
4(686 727 728 687)
4(687 728 729 688)
4(688 729 730 689)
4(689 730 731 690)
4(690 731 732 691)
4(691 732 733 692)
4(692 733 734 693)
4(693 734 735 694)
4(694 735 736 695)
4(695 736 737 696)
4(697 738 739 698)
4(698 739 740 699)
4(699 740 741 700)
4(700 741 742 701)
4(701 742 743 702)
4(702 743 744 703)
4(703 744 745 704)
4(704 745 746 705)
4(705 746 747 706)
4(706 747 748 707)
4(707 748 749 708)
4(708 749 750 709)
4(709 750 751 710)
4(710 751 752 711)
4(711 752 753 712)
4(712 753 754 713)
4(713 754 755 714)
4(714 755 756 715)
4(715 756 757 716)
4(716 757 758 717)
4(717 758 759 718)
4(718 759 760 719)
4(719 760 761 720)
4(720 761 762 721)
4(721 762 763 722)
4(722 763 764 723)
4(723 764 765 724)
4(724 765 766 725)
4(725 766 767 726)
4(726 767 768 727)
4(727 768 769 728)
4(728 769 770 729)
4(729 770 771 730)
4(730 771 772 731)
4(731 772 773 732)
4(732 773 774 733)
4(733 774 775 734)
4(734 775 776 735)
4(735 776 777 736)
4(736 777 778 737)
4(738 779 780 739)
4(739 780 781 740)
4(740 781 782 741)
4(741 782 783 742)
4(742 783 784 743)
4(743 784 785 744)
4(744 785 786 745)
4(745 786 787 746)
4(746 787 788 747)
4(747 788 789 748)
4(748 789 790 749)
4(749 790 791 750)
4(750 791 792 751)
4(751 792 793 752)
4(752 793 794 753)
4(753 794 795 754)
4(754 795 796 755)
4(755 796 797 756)
4(756 797 798 757)
4(757 798 799 758)
4(758 799 800 759)
4(759 800 801 760)
4(760 801 802 761)
4(761 802 803 762)
4(762 803 804 763)
4(763 804 805 764)
4(764 805 806 765)
4(765 806 807 766)
4(766 807 808 767)
4(767 808 809 768)
4(768 809 810 769)
4(769 810 811 770)
4(770 811 812 771)
4(771 812 813 772)
4(772 813 814 773)
4(773 814 815 774)
4(774 815 816 775)
4(775 816 817 776)
4(776 817 818 777)
4(777 818 819 778)
4(779 820 821 780)
4(780 821 822 781)
4(781 822 823 782)
4(782 823 824 783)
4(783 824 825 784)
4(784 825 826 785)
4(785 826 827 786)
4(786 827 828 787)
4(787 828 829 788)
4(788 829 830 789)
4(789 830 831 790)
4(790 831 832 791)
4(791 832 833 792)
4(792 833 834 793)
4(793 834 835 794)
4(794 835 836 795)
4(795 836 837 796)
4(796 837 838 797)
4(797 838 839 798)
4(798 839 840 799)
4(799 840 841 800)
4(800 841 842 801)
4(801 842 843 802)
4(802 843 844 803)
4(803 844 845 804)
4(804 845 846 805)
4(805 846 847 806)
4(806 847 848 807)
4(807 848 849 808)
4(808 849 850 809)
4(809 850 851 810)
4(810 851 852 811)
4(811 852 853 812)
4(812 853 854 813)
4(813 854 855 814)
4(814 855 856 815)
4(815 856 857 816)
4(816 857 858 817)
4(817 858 859 818)
4(818 859 860 819)
4(820 861 862 821)
4(821 862 863 822)
4(822 863 864 823)
4(823 864 865 824)
4(824 865 866 825)
4(825 866 867 826)
4(826 867 868 827)
4(827 868 869 828)
4(828 869 870 829)
4(829 870 871 830)
4(830 871 872 831)
4(831 872 873 832)
4(832 873 874 833)
4(833 874 875 834)
4(834 875 876 835)
4(835 876 877 836)
4(836 877 878 837)
4(837 878 879 838)
4(838 879 880 839)
4(839 880 881 840)
4(840 881 882 841)
4(841 882 883 842)
4(842 883 884 843)
4(843 884 885 844)
4(844 885 886 845)
4(845 886 887 846)
4(846 887 888 847)
4(847 888 889 848)
4(848 889 890 849)
4(849 890 891 850)
4(850 891 892 851)
4(851 892 893 852)
4(852 893 894 853)
4(853 894 895 854)
4(854 895 896 855)
4(855 896 897 856)
4(856 897 898 857)
4(857 898 899 858)
4(858 899 900 859)
4(859 900 901 860)
4(861 902 903 862)
4(862 903 904 863)
4(863 904 905 864)
4(864 905 906 865)
4(865 906 907 866)
4(866 907 908 867)
4(867 908 909 868)
4(868 909 910 869)
4(869 910 911 870)
4(870 911 912 871)
4(871 912 913 872)
4(872 913 914 873)
4(873 914 915 874)
4(874 915 916 875)
4(875 916 917 876)
4(876 917 918 877)
4(877 918 919 878)
4(878 919 920 879)
4(879 920 921 880)
4(880 921 922 881)
4(881 922 923 882)
4(882 923 924 883)
4(883 924 925 884)
4(884 925 926 885)
4(885 926 927 886)
4(886 927 928 887)
4(887 928 929 888)
4(888 929 930 889)
4(889 930 931 890)
4(890 931 932 891)
4(891 932 933 892)
4(892 933 934 893)
4(893 934 935 894)
4(894 935 936 895)
4(895 936 937 896)
4(896 937 938 897)
4(897 938 939 898)
4(898 939 940 899)
4(899 940 941 900)
4(900 941 942 901)
4(902 943 944 903)
4(903 944 945 904)
4(904 945 946 905)
4(905 946 947 906)
4(906 947 948 907)
4(907 948 949 908)
4(908 949 950 909)
4(909 950 951 910)
4(910 951 952 911)
4(911 952 953 912)
4(912 953 954 913)
4(913 954 955 914)
4(914 955 956 915)
4(915 956 957 916)
4(916 957 958 917)
4(917 958 959 918)
4(918 959 960 919)
4(919 960 961 920)
4(920 961 962 921)
4(921 962 963 922)
4(922 963 964 923)
4(923 964 965 924)
4(924 965 966 925)
4(925 966 967 926)
4(926 967 968 927)
4(927 968 969 928)
4(928 969 970 929)
4(929 970 971 930)
4(930 971 972 931)
4(931 972 973 932)
4(932 973 974 933)
4(933 974 975 934)
4(934 975 976 935)
4(935 976 977 936)
4(936 977 978 937)
4(937 978 979 938)
4(938 979 980 939)
4(939 980 981 940)
4(940 981 982 941)
4(941 982 983 942)
4(943 984 985 944)
4(944 985 986 945)
4(945 986 987 946)
4(946 987 988 947)
4(947 988 989 948)
4(948 989 990 949)
4(949 990 991 950)
4(950 991 992 951)
4(951 992 993 952)
4(952 993 994 953)
4(953 994 995 954)
4(954 995 996 955)
4(955 996 997 956)
4(956 997 998 957)
4(957 998 999 958)
4(958 999 1000 959)
4(959 1000 1001 960)
4(960 1001 1002 961)
4(961 1002 1003 962)
4(962 1003 1004 963)
4(963 1004 1005 964)
4(964 1005 1006 965)
4(965 1006 1007 966)
4(966 1007 1008 967)
4(967 1008 1009 968)
4(968 1009 1010 969)
4(969 1010 1011 970)
4(970 1011 1012 971)
4(971 1012 1013 972)
4(972 1013 1014 973)
4(973 1014 1015 974)
4(974 1015 1016 975)
4(975 1016 1017 976)
4(976 1017 1018 977)
4(977 1018 1019 978)
4(978 1019 1020 979)
4(979 1020 1021 980)
4(980 1021 1022 981)
4(981 1022 1023 982)
4(982 1023 1024 983)
4(984 1025 1026 985)
4(985 1026 1027 986)
4(986 1027 1028 987)
4(987 1028 1029 988)
4(988 1029 1030 989)
4(989 1030 1031 990)
4(990 1031 1032 991)
4(991 1032 1033 992)
4(992 1033 1034 993)
4(993 1034 1035 994)
4(994 1035 1036 995)
4(995 1036 1037 996)
4(996 1037 1038 997)
4(997 1038 1039 998)
4(998 1039 1040 999)
4(999 1040 1041 1000)
4(1000 1041 1042 1001)
4(1001 1042 1043 1002)
4(1002 1043 1044 1003)
4(1003 1044 1045 1004)
4(1004 1045 1046 1005)
4(1005 1046 1047 1006)
4(1006 1047 1048 1007)
4(1007 1048 1049 1008)
4(1008 1049 1050 1009)
4(1009 1050 1051 1010)
4(1010 1051 1052 1011)
4(1011 1052 1053 1012)
4(1012 1053 1054 1013)
4(1013 1054 1055 1014)
4(1014 1055 1056 1015)
4(1015 1056 1057 1016)
4(1016 1057 1058 1017)
4(1017 1058 1059 1018)
4(1018 1059 1060 1019)
4(1019 1060 1061 1020)
4(1020 1061 1062 1021)
4(1021 1062 1063 1022)
4(1022 1063 1064 1023)
4(1023 1064 1065 1024)
4(1025 1066 1067 1026)
4(1026 1067 1068 1027)
4(1027 1068 1069 1028)
4(1028 1069 1070 1029)
4(1029 1070 1071 1030)
4(1030 1071 1072 1031)
4(1031 1072 1073 1032)
4(1032 1073 1074 1033)
4(1033 1074 1075 1034)
4(1034 1075 1076 1035)
4(1035 1076 1077 1036)
4(1036 1077 1078 1037)
4(1037 1078 1079 1038)
4(1038 1079 1080 1039)
4(1039 1080 1081 1040)
4(1040 1081 1082 1041)
4(1041 1082 1083 1042)
4(1042 1083 1084 1043)
4(1043 1084 1085 1044)
4(1044 1085 1086 1045)
4(1045 1086 1087 1046)
4(1046 1087 1088 1047)
4(1047 1088 1089 1048)
4(1048 1089 1090 1049)
4(1049 1090 1091 1050)
4(1050 1091 1092 1051)
4(1051 1092 1093 1052)
4(1052 1093 1094 1053)
4(1053 1094 1095 1054)
4(1054 1095 1096 1055)
4(1055 1096 1097 1056)
4(1056 1097 1098 1057)
4(1057 1098 1099 1058)
4(1058 1099 1100 1059)
4(1059 1100 1101 1060)
4(1060 1101 1102 1061)
4(1061 1102 1103 1062)
4(1062 1103 1104 1063)
4(1063 1104 1105 1064)
4(1064 1105 1106 1065)
4(1066 1107 1108 1067)
4(1067 1108 1109 1068)
4(1068 1109 1110 1069)
4(1069 1110 1111 1070)
4(1070 1111 1112 1071)
4(1071 1112 1113 1072)
4(1072 1113 1114 1073)
4(1073 1114 1115 1074)
4(1074 1115 1116 1075)
4(1075 1116 1117 1076)
4(1076 1117 1118 1077)
4(1077 1118 1119 1078)
4(1078 1119 1120 1079)
4(1079 1120 1121 1080)
4(1080 1121 1122 1081)
4(1081 1122 1123 1082)
4(1082 1123 1124 1083)
4(1083 1124 1125 1084)
4(1084 1125 1126 1085)
4(1085 1126 1127 1086)
4(1086 1127 1128 1087)
4(1087 1128 1129 1088)
4(1088 1129 1130 1089)
4(1089 1130 1131 1090)
4(1090 1131 1132 1091)
4(1091 1132 1133 1092)
4(1092 1133 1134 1093)
4(1093 1134 1135 1094)
4(1094 1135 1136 1095)
4(1095 1136 1137 1096)
4(1096 1137 1138 1097)
4(1097 1138 1139 1098)
4(1098 1139 1140 1099)
4(1099 1140 1141 1100)
4(1100 1141 1142 1101)
4(1101 1142 1143 1102)
4(1102 1143 1144 1103)
4(1103 1144 1145 1104)
4(1104 1145 1146 1105)
4(1105 1146 1147 1106)
4(1107 1148 1149 1108)
4(1108 1149 1150 1109)
4(1109 1150 1151 1110)
4(1110 1151 1152 1111)
4(1111 1152 1153 1112)
4(1112 1153 1154 1113)
4(1113 1154 1155 1114)
4(1114 1155 1156 1115)
4(1115 1156 1157 1116)
4(1116 1157 1158 1117)
4(1117 1158 1159 1118)
4(1118 1159 1160 1119)
4(1119 1160 1161 1120)
4(1120 1161 1162 1121)
4(1121 1162 1163 1122)
4(1122 1163 1164 1123)
4(1123 1164 1165 1124)
4(1124 1165 1166 1125)
4(1125 1166 1167 1126)
4(1126 1167 1168 1127)
4(1127 1168 1169 1128)
4(1128 1169 1170 1129)
4(1129 1170 1171 1130)
4(1130 1171 1172 1131)
4(1131 1172 1173 1132)
4(1132 1173 1174 1133)
4(1133 1174 1175 1134)
4(1134 1175 1176 1135)
4(1135 1176 1177 1136)
4(1136 1177 1178 1137)
4(1137 1178 1179 1138)
4(1138 1179 1180 1139)
4(1139 1180 1181 1140)
4(1140 1181 1182 1141)
4(1141 1182 1183 1142)
4(1142 1183 1184 1143)
4(1143 1184 1185 1144)
4(1144 1185 1186 1145)
4(1145 1186 1187 1146)
4(1146 1187 1188 1147)
4(1148 1189 1190 1149)
4(1149 1190 1191 1150)
4(1150 1191 1192 1151)
4(1151 1192 1193 1152)
4(1152 1193 1194 1153)
4(1153 1194 1195 1154)
4(1154 1195 1196 1155)
4(1155 1196 1197 1156)
4(1156 1197 1198 1157)
4(1157 1198 1199 1158)
4(1158 1199 1200 1159)
4(1159 1200 1201 1160)
4(1160 1201 1202 1161)
4(1161 1202 1203 1162)
4(1162 1203 1204 1163)
4(1163 1204 1205 1164)
4(1164 1205 1206 1165)
4(1165 1206 1207 1166)
4(1166 1207 1208 1167)
4(1167 1208 1209 1168)
4(1168 1209 1210 1169)
4(1169 1210 1211 1170)
4(1170 1211 1212 1171)
4(1171 1212 1213 1172)
4(1172 1213 1214 1173)
4(1173 1214 1215 1174)
4(1174 1215 1216 1175)
4(1175 1216 1217 1176)
4(1176 1217 1218 1177)
4(1177 1218 1219 1178)
4(1178 1219 1220 1179)
4(1179 1220 1221 1180)
4(1180 1221 1222 1181)
4(1181 1222 1223 1182)
4(1182 1223 1224 1183)
4(1183 1224 1225 1184)
4(1184 1225 1226 1185)
4(1185 1226 1227 1186)
4(1186 1227 1228 1187)
4(1187 1228 1229 1188)
4(1189 1230 1231 1190)
4(1190 1231 1232 1191)
4(1191 1232 1233 1192)
4(1192 1233 1234 1193)
4(1193 1234 1235 1194)
4(1194 1235 1236 1195)
4(1195 1236 1237 1196)
4(1196 1237 1238 1197)
4(1197 1238 1239 1198)
4(1198 1239 1240 1199)
4(1199 1240 1241 1200)
4(1200 1241 1242 1201)
4(1201 1242 1243 1202)
4(1202 1243 1244 1203)
4(1203 1244 1245 1204)
4(1204 1245 1246 1205)
4(1205 1246 1247 1206)
4(1206 1247 1248 1207)
4(1207 1248 1249 1208)
4(1208 1249 1250 1209)
4(1209 1250 1251 1210)
4(1210 1251 1252 1211)
4(1211 1252 1253 1212)
4(1212 1253 1254 1213)
4(1213 1254 1255 1214)
4(1214 1255 1256 1215)
4(1215 1256 1257 1216)
4(1216 1257 1258 1217)
4(1217 1258 1259 1218)
4(1218 1259 1260 1219)
4(1219 1260 1261 1220)
4(1220 1261 1262 1221)
4(1221 1262 1263 1222)
4(1222 1263 1264 1223)
4(1223 1264 1265 1224)
4(1224 1265 1266 1225)
4(1225 1266 1267 1226)
4(1226 1267 1268 1227)
4(1227 1268 1269 1228)
4(1228 1269 1270 1229)
4(1230 1271 1272 1231)
4(1231 1272 1273 1232)
4(1232 1273 1274 1233)
4(1233 1274 1275 1234)
4(1234 1275 1276 1235)
4(1235 1276 1277 1236)
4(1236 1277 1278 1237)
4(1237 1278 1279 1238)
4(1238 1279 1280 1239)
4(1239 1280 1281 1240)
4(1240 1281 1282 1241)
4(1241 1282 1283 1242)
4(1242 1283 1284 1243)
4(1243 1284 1285 1244)
4(1244 1285 1286 1245)
4(1245 1286 1287 1246)
4(1246 1287 1288 1247)
4(1247 1288 1289 1248)
4(1248 1289 1290 1249)
4(1249 1290 1291 1250)
4(1250 1291 1292 1251)
4(1251 1292 1293 1252)
4(1252 1293 1294 1253)
4(1253 1294 1295 1254)
4(1254 1295 1296 1255)
4(1255 1296 1297 1256)
4(1256 1297 1298 1257)
4(1257 1298 1299 1258)
4(1258 1299 1300 1259)
4(1259 1300 1301 1260)
4(1260 1301 1302 1261)
4(1261 1302 1303 1262)
4(1262 1303 1304 1263)
4(1263 1304 1305 1264)
4(1264 1305 1306 1265)
4(1265 1306 1307 1266)
4(1266 1307 1308 1267)
4(1267 1308 1309 1268)
4(1268 1309 1310 1269)
4(1269 1310 1311 1270)
4(1271 1312 1313 1272)
4(1272 1313 1314 1273)
4(1273 1314 1315 1274)
4(1274 1315 1316 1275)
4(1275 1316 1317 1276)
4(1276 1317 1318 1277)
4(1277 1318 1319 1278)
4(1278 1319 1320 1279)
4(1279 1320 1321 1280)
4(1280 1321 1322 1281)
4(1281 1322 1323 1282)
4(1282 1323 1324 1283)
4(1283 1324 1325 1284)
4(1284 1325 1326 1285)
4(1285 1326 1327 1286)
4(1286 1327 1328 1287)
4(1287 1328 1329 1288)
4(1288 1329 1330 1289)
4(1289 1330 1331 1290)
4(1290 1331 1332 1291)
4(1291 1332 1333 1292)
4(1292 1333 1334 1293)
4(1293 1334 1335 1294)
4(1294 1335 1336 1295)
4(1295 1336 1337 1296)
4(1296 1337 1338 1297)
4(1297 1338 1339 1298)
4(1298 1339 1340 1299)
4(1299 1340 1341 1300)
4(1300 1341 1342 1301)
4(1301 1342 1343 1302)
4(1302 1343 1344 1303)
4(1303 1344 1345 1304)
4(1304 1345 1346 1305)
4(1305 1346 1347 1306)
4(1306 1347 1348 1307)
4(1307 1348 1349 1308)
4(1308 1349 1350 1309)
4(1309 1350 1351 1310)
4(1310 1351 1352 1311)
4(1312 1353 1354 1313)
4(1313 1354 1355 1314)
4(1314 1355 1356 1315)
4(1315 1356 1357 1316)
4(1316 1357 1358 1317)
4(1317 1358 1359 1318)
4(1318 1359 1360 1319)
4(1319 1360 1361 1320)
4(1320 1361 1362 1321)
4(1321 1362 1363 1322)
4(1322 1363 1364 1323)
4(1323 1364 1365 1324)
4(1324 1365 1366 1325)
4(1325 1366 1367 1326)
4(1326 1367 1368 1327)
4(1327 1368 1369 1328)
4(1328 1369 1370 1329)
4(1329 1370 1371 1330)
4(1330 1371 1372 1331)
4(1331 1372 1373 1332)
4(1332 1373 1374 1333)
4(1333 1374 1375 1334)
4(1334 1375 1376 1335)
4(1335 1376 1377 1336)
4(1336 1377 1378 1337)
4(1337 1378 1379 1338)
4(1338 1379 1380 1339)
4(1339 1380 1381 1340)
4(1340 1381 1382 1341)
4(1341 1382 1383 1342)
4(1342 1383 1384 1343)
4(1343 1384 1385 1344)
4(1344 1385 1386 1345)
4(1345 1386 1387 1346)
4(1346 1387 1388 1347)
4(1347 1388 1389 1348)
4(1348 1389 1390 1349)
4(1349 1390 1391 1350)
4(1350 1391 1392 1351)
4(1351 1392 1393 1352)
4(1353 1394 1395 1354)
4(1354 1395 1396 1355)
4(1355 1396 1397 1356)
4(1356 1397 1398 1357)
4(1357 1398 1399 1358)
4(1358 1399 1400 1359)
4(1359 1400 1401 1360)
4(1360 1401 1402 1361)
4(1361 1402 1403 1362)
4(1362 1403 1404 1363)
4(1363 1404 1405 1364)
4(1364 1405 1406 1365)
4(1365 1406 1407 1366)
4(1366 1407 1408 1367)
4(1367 1408 1409 1368)
4(1368 1409 1410 1369)
4(1369 1410 1411 1370)
4(1370 1411 1412 1371)
4(1371 1412 1413 1372)
4(1372 1413 1414 1373)
4(1373 1414 1415 1374)
4(1374 1415 1416 1375)
4(1375 1416 1417 1376)
4(1376 1417 1418 1377)
4(1377 1418 1419 1378)
4(1378 1419 1420 1379)
4(1379 1420 1421 1380)
4(1380 1421 1422 1381)
4(1381 1422 1423 1382)
4(1382 1423 1424 1383)
4(1383 1424 1425 1384)
4(1384 1425 1426 1385)
4(1385 1426 1427 1386)
4(1386 1427 1428 1387)
4(1387 1428 1429 1388)
4(1388 1429 1430 1389)
4(1389 1430 1431 1390)
4(1390 1431 1432 1391)
4(1391 1432 1433 1392)
4(1392 1433 1434 1393)
4(1394 1435 1436 1395)
4(1395 1436 1437 1396)
4(1396 1437 1438 1397)
4(1397 1438 1439 1398)
4(1398 1439 1440 1399)
4(1399 1440 1441 1400)
4(1400 1441 1442 1401)
4(1401 1442 1443 1402)
4(1402 1443 1444 1403)
4(1403 1444 1445 1404)
4(1404 1445 1446 1405)
4(1405 1446 1447 1406)
4(1406 1447 1448 1407)
4(1407 1448 1449 1408)
4(1408 1449 1450 1409)
4(1409 1450 1451 1410)
4(1410 1451 1452 1411)
4(1411 1452 1453 1412)
4(1412 1453 1454 1413)
4(1413 1454 1455 1414)
4(1414 1455 1456 1415)
4(1415 1456 1457 1416)
4(1416 1457 1458 1417)
4(1417 1458 1459 1418)
4(1418 1459 1460 1419)
4(1419 1460 1461 1420)
4(1420 1461 1462 1421)
4(1421 1462 1463 1422)
4(1422 1463 1464 1423)
4(1423 1464 1465 1424)
4(1424 1465 1466 1425)
4(1425 1466 1467 1426)
4(1426 1467 1468 1427)
4(1427 1468 1469 1428)
4(1428 1469 1470 1429)
4(1429 1470 1471 1430)
4(1430 1471 1472 1431)
4(1431 1472 1473 1432)
4(1432 1473 1474 1433)
4(1433 1474 1475 1434)
4(1435 1476 1477 1436)
4(1436 1477 1478 1437)
4(1437 1478 1479 1438)
4(1438 1479 1480 1439)
4(1439 1480 1481 1440)
4(1440 1481 1482 1441)
4(1441 1482 1483 1442)
4(1442 1483 1484 1443)
4(1443 1484 1485 1444)
4(1444 1485 1486 1445)
4(1445 1486 1487 1446)
4(1446 1487 1488 1447)
4(1447 1488 1489 1448)
4(1448 1489 1490 1449)
4(1449 1490 1491 1450)
4(1450 1491 1492 1451)
4(1451 1492 1493 1452)
4(1452 1493 1494 1453)
4(1453 1494 1495 1454)
4(1454 1495 1496 1455)
4(1455 1496 1497 1456)
4(1456 1497 1498 1457)
4(1457 1498 1499 1458)
4(1458 1499 1500 1459)
4(1459 1500 1501 1460)
4(1460 1501 1502 1461)
4(1461 1502 1503 1462)
4(1462 1503 1504 1463)
4(1463 1504 1505 1464)
4(1464 1505 1506 1465)
4(1465 1506 1507 1466)
4(1466 1507 1508 1467)
4(1467 1508 1509 1468)
4(1468 1509 1510 1469)
4(1469 1510 1511 1470)
4(1470 1511 1512 1471)
4(1471 1512 1513 1472)
4(1472 1513 1514 1473)
4(1473 1514 1515 1474)
4(1474 1515 1516 1475)
4(1476 1517 1518 1477)
4(1477 1518 1519 1478)
4(1478 1519 1520 1479)
4(1479 1520 1521 1480)
4(1480 1521 1522 1481)
4(1481 1522 1523 1482)
4(1482 1523 1524 1483)
4(1483 1524 1525 1484)
4(1484 1525 1526 1485)
4(1485 1526 1527 1486)
4(1486 1527 1528 1487)
4(1487 1528 1529 1488)
4(1488 1529 1530 1489)
4(1489 1530 1531 1490)
4(1490 1531 1532 1491)
4(1491 1532 1533 1492)
4(1492 1533 1534 1493)
4(1493 1534 1535 1494)
4(1494 1535 1536 1495)
4(1495 1536 1537 1496)
4(1496 1537 1538 1497)
4(1497 1538 1539 1498)
4(1498 1539 1540 1499)
4(1499 1540 1541 1500)
4(1500 1541 1542 1501)
4(1501 1542 1543 1502)
4(1502 1543 1544 1503)
4(1503 1544 1545 1504)
4(1504 1545 1546 1505)
4(1505 1546 1547 1506)
4(1506 1547 1548 1507)
4(1507 1548 1549 1508)
4(1508 1549 1550 1509)
4(1509 1550 1551 1510)
4(1510 1551 1552 1511)
4(1511 1552 1553 1512)
4(1512 1553 1554 1513)
4(1513 1554 1555 1514)
4(1514 1555 1556 1515)
4(1515 1556 1557 1516)
4(1517 1558 1559 1518)
4(1518 1559 1560 1519)
4(1519 1560 1561 1520)
4(1520 1561 1562 1521)
4(1521 1562 1563 1522)
4(1522 1563 1564 1523)
4(1523 1564 1565 1524)
4(1524 1565 1566 1525)
4(1525 1566 1567 1526)
4(1526 1567 1568 1527)
4(1527 1568 1569 1528)
4(1528 1569 1570 1529)
4(1529 1570 1571 1530)
4(1530 1571 1572 1531)
4(1531 1572 1573 1532)
4(1532 1573 1574 1533)
4(1533 1574 1575 1534)
4(1534 1575 1576 1535)
4(1535 1576 1577 1536)
4(1536 1577 1578 1537)
4(1537 1578 1579 1538)
4(1538 1579 1580 1539)
4(1539 1580 1581 1540)
4(1540 1581 1582 1541)
4(1541 1582 1583 1542)
4(1542 1583 1584 1543)
4(1543 1584 1585 1544)
4(1544 1585 1586 1545)
4(1545 1586 1587 1546)
4(1546 1587 1588 1547)
4(1547 1588 1589 1548)
4(1548 1589 1590 1549)
4(1549 1590 1591 1550)
4(1550 1591 1592 1551)
4(1551 1592 1593 1552)
4(1552 1593 1594 1553)
4(1553 1594 1595 1554)
4(1554 1595 1596 1555)
4(1555 1596 1597 1556)
4(1556 1597 1598 1557)
4(1558 1599 1600 1559)
4(1559 1600 1601 1560)
4(1560 1601 1602 1561)
4(1561 1602 1603 1562)
4(1562 1603 1604 1563)
4(1563 1604 1605 1564)
4(1564 1605 1606 1565)
4(1565 1606 1607 1566)
4(1566 1607 1608 1567)
4(1567 1608 1609 1568)
4(1568 1609 1610 1569)
4(1569 1610 1611 1570)
4(1570 1611 1612 1571)
4(1571 1612 1613 1572)
4(1572 1613 1614 1573)
4(1573 1614 1615 1574)
4(1574 1615 1616 1575)
4(1575 1616 1617 1576)
4(1576 1617 1618 1577)
4(1577 1618 1619 1578)
4(1578 1619 1620 1579)
4(1579 1620 1621 1580)
4(1580 1621 1622 1581)
4(1581 1622 1623 1582)
4(1582 1623 1624 1583)
4(1583 1624 1625 1584)
4(1584 1625 1626 1585)
4(1585 1626 1627 1586)
4(1586 1627 1628 1587)
4(1587 1628 1629 1588)
4(1588 1629 1630 1589)
4(1589 1630 1631 1590)
4(1590 1631 1632 1591)
4(1591 1632 1633 1592)
4(1592 1633 1634 1593)
4(1593 1634 1635 1594)
4(1594 1635 1636 1595)
4(1595 1636 1637 1596)
4(1596 1637 1638 1597)
4(1597 1638 1639 1598)
4(1599 1640 1641 1600)
4(1600 1641 1642 1601)
4(1601 1642 1643 1602)
4(1602 1643 1644 1603)
4(1603 1644 1645 1604)
4(1604 1645 1646 1605)
4(1605 1646 1647 1606)
4(1606 1647 1648 1607)
4(1607 1648 1649 1608)
4(1608 1649 1650 1609)
4(1609 1650 1651 1610)
4(1610 1651 1652 1611)
4(1611 1652 1653 1612)
4(1612 1653 1654 1613)
4(1613 1654 1655 1614)
4(1614 1655 1656 1615)
4(1615 1656 1657 1616)
4(1616 1657 1658 1617)
4(1617 1658 1659 1618)
4(1618 1659 1660 1619)
4(1619 1660 1661 1620)
4(1620 1661 1662 1621)
4(1621 1662 1663 1622)
4(1622 1663 1664 1623)
4(1623 1664 1665 1624)
4(1624 1665 1666 1625)
4(1625 1666 1667 1626)
4(1626 1667 1668 1627)
4(1627 1668 1669 1628)
4(1628 1669 1670 1629)
4(1629 1670 1671 1630)
4(1630 1671 1672 1631)
4(1631 1672 1673 1632)
4(1632 1673 1674 1633)
4(1633 1674 1675 1634)
4(1634 1675 1676 1635)
4(1635 1676 1677 1636)
4(1636 1677 1678 1637)
4(1637 1678 1679 1638)
4(1638 1679 1680 1639)
4(1640 1681 1682 1641)
4(1641 1682 1683 1642)
4(1642 1683 1684 1643)
4(1643 1684 1685 1644)
4(1644 1685 1686 1645)
4(1645 1686 1687 1646)
4(1646 1687 1688 1647)
4(1647 1688 1689 1648)
4(1648 1689 1690 1649)
4(1649 1690 1691 1650)
4(1650 1691 1692 1651)
4(1651 1692 1693 1652)
4(1652 1693 1694 1653)
4(1653 1694 1695 1654)
4(1654 1695 1696 1655)
4(1655 1696 1697 1656)
4(1656 1697 1698 1657)
4(1657 1698 1699 1658)
4(1658 1699 1700 1659)
4(1659 1700 1701 1660)
4(1660 1701 1702 1661)
4(1661 1702 1703 1662)
4(1662 1703 1704 1663)
4(1663 1704 1705 1664)
4(1664 1705 1706 1665)
4(1665 1706 1707 1666)
4(1666 1707 1708 1667)
4(1667 1708 1709 1668)
4(1668 1709 1710 1669)
4(1669 1710 1711 1670)
4(1670 1711 1712 1671)
4(1671 1712 1713 1672)
4(1672 1713 1714 1673)
4(1673 1714 1715 1674)
4(1674 1715 1716 1675)
4(1675 1716 1717 1676)
4(1676 1717 1718 1677)
4(1677 1718 1719 1678)
4(1678 1719 1720 1679)
4(1679 1720 1721 1680)
4(1681 1722 1723 1682)
4(1682 1723 1724 1683)
4(1683 1724 1725 1684)
4(1684 1725 1726 1685)
4(1685 1726 1727 1686)
4(1686 1727 1728 1687)
4(1687 1728 1729 1688)
4(1688 1729 1730 1689)
4(1689 1730 1731 1690)
4(1690 1731 1732 1691)
4(1691 1732 1733 1692)
4(1692 1733 1734 1693)
4(1693 1734 1735 1694)
4(1694 1735 1736 1695)
4(1695 1736 1737 1696)
4(1696 1737 1738 1697)
4(1697 1738 1739 1698)
4(1698 1739 1740 1699)
4(1699 1740 1741 1700)
4(1700 1741 1742 1701)
4(1701 1742 1743 1702)
4(1702 1743 1744 1703)
4(1703 1744 1745 1704)
4(1704 1745 1746 1705)
4(1705 1746 1747 1706)
4(1706 1747 1748 1707)
4(1707 1748 1749 1708)
4(1708 1749 1750 1709)
4(1709 1750 1751 1710)
4(1710 1751 1752 1711)
4(1711 1752 1753 1712)
4(1712 1753 1754 1713)
4(1713 1754 1755 1714)
4(1714 1755 1756 1715)
4(1715 1756 1757 1716)
4(1716 1757 1758 1717)
4(1717 1758 1759 1718)
4(1718 1759 1760 1719)
4(1719 1760 1761 1720)
4(1720 1761 1762 1721)
4(1722 1763 1764 1723)
4(1723 1764 1765 1724)
4(1724 1765 1766 1725)
4(1725 1766 1767 1726)
4(1726 1767 1768 1727)
4(1727 1768 1769 1728)
4(1728 1769 1770 1729)
4(1729 1770 1771 1730)
4(1730 1771 1772 1731)
4(1731 1772 1773 1732)
4(1732 1773 1774 1733)
4(1733 1774 1775 1734)
4(1734 1775 1776 1735)
4(1735 1776 1777 1736)
4(1736 1777 1778 1737)
4(1737 1778 1779 1738)
4(1738 1779 1780 1739)
4(1739 1780 1781 1740)
4(1740 1781 1782 1741)
4(1741 1782 1783 1742)
4(1742 1783 1784 1743)
4(1743 1784 1785 1744)
4(1744 1785 1786 1745)
4(1745 1786 1787 1746)
4(1746 1787 1788 1747)
4(1747 1788 1789 1748)
4(1748 1789 1790 1749)
4(1749 1790 1791 1750)
4(1750 1791 1792 1751)
4(1751 1792 1793 1752)
4(1752 1793 1794 1753)
4(1753 1794 1795 1754)
4(1754 1795 1796 1755)
4(1755 1796 1797 1756)
4(1756 1797 1798 1757)
4(1757 1798 1799 1758)
4(1758 1799 1800 1759)
4(1759 1800 1801 1760)
4(1760 1801 1802 1761)
4(1761 1802 1803 1762)
4(1763 1804 1805 1764)
4(1764 1805 1806 1765)
4(1765 1806 1807 1766)
4(1766 1807 1808 1767)
4(1767 1808 1809 1768)
4(1768 1809 1810 1769)
4(1769 1810 1811 1770)
4(1770 1811 1812 1771)
4(1771 1812 1813 1772)
4(1772 1813 1814 1773)
4(1773 1814 1815 1774)
4(1774 1815 1816 1775)
4(1775 1816 1817 1776)
4(1776 1817 1818 1777)
4(1777 1818 1819 1778)
4(1778 1819 1820 1779)
4(1779 1820 1821 1780)
4(1780 1821 1822 1781)
4(1781 1822 1823 1782)
4(1782 1823 1824 1783)
4(1783 1824 1825 1784)
4(1784 1825 1826 1785)
4(1785 1826 1827 1786)
4(1786 1827 1828 1787)
4(1787 1828 1829 1788)
4(1788 1829 1830 1789)
4(1789 1830 1831 1790)
4(1790 1831 1832 1791)
4(1791 1832 1833 1792)
4(1792 1833 1834 1793)
4(1793 1834 1835 1794)
4(1794 1835 1836 1795)
4(1795 1836 1837 1796)
4(1796 1837 1838 1797)
4(1797 1838 1839 1798)
4(1798 1839 1840 1799)
4(1799 1840 1841 1800)
4(1800 1841 1842 1801)
4(1801 1842 1843 1802)
4(1802 1843 1844 1803)
4(1804 1845 1846 1805)
4(1805 1846 1847 1806)
4(1806 1847 1848 1807)
4(1807 1848 1849 1808)
4(1808 1849 1850 1809)
4(1809 1850 1851 1810)
4(1810 1851 1852 1811)
4(1811 1852 1853 1812)
4(1812 1853 1854 1813)
4(1813 1854 1855 1814)
4(1814 1855 1856 1815)
4(1815 1856 1857 1816)
4(1816 1857 1858 1817)
4(1817 1858 1859 1818)
4(1818 1859 1860 1819)
4(1819 1860 1861 1820)
4(1820 1861 1862 1821)
4(1821 1862 1863 1822)
4(1822 1863 1864 1823)
4(1823 1864 1865 1824)
4(1824 1865 1866 1825)
4(1825 1866 1867 1826)
4(1826 1867 1868 1827)
4(1827 1868 1869 1828)
4(1828 1869 1870 1829)
4(1829 1870 1871 1830)
4(1830 1871 1872 1831)
4(1831 1872 1873 1832)
4(1832 1873 1874 1833)
4(1833 1874 1875 1834)
4(1834 1875 1876 1835)
4(1835 1876 1877 1836)
4(1836 1877 1878 1837)
4(1837 1878 1879 1838)
4(1838 1879 1880 1839)
4(1839 1880 1881 1840)
4(1840 1881 1882 1841)
4(1841 1882 1883 1842)
4(1842 1883 1884 1843)
4(1843 1884 1885 1844)
4(1845 1886 1887 1846)
4(1846 1887 1888 1847)
4(1847 1888 1889 1848)
4(1848 1889 1890 1849)
4(1849 1890 1891 1850)
4(1850 1891 1892 1851)
4(1851 1892 1893 1852)
4(1852 1893 1894 1853)
4(1853 1894 1895 1854)
4(1854 1895 1896 1855)
4(1855 1896 1897 1856)
4(1856 1897 1898 1857)
4(1857 1898 1899 1858)
4(1858 1899 1900 1859)
4(1859 1900 1901 1860)
4(1860 1901 1902 1861)
4(1861 1902 1903 1862)
4(1862 1903 1904 1863)
4(1863 1904 1905 1864)
4(1864 1905 1906 1865)
4(1865 1906 1907 1866)
4(1866 1907 1908 1867)
4(1867 1908 1909 1868)
4(1868 1909 1910 1869)
4(1869 1910 1911 1870)
4(1870 1911 1912 1871)
4(1871 1912 1913 1872)
4(1872 1913 1914 1873)
4(1873 1914 1915 1874)
4(1874 1915 1916 1875)
4(1875 1916 1917 1876)
4(1876 1917 1918 1877)
4(1877 1918 1919 1878)
4(1878 1919 1920 1879)
4(1879 1920 1921 1880)
4(1880 1921 1922 1881)
4(1881 1922 1923 1882)
4(1882 1923 1924 1883)
4(1883 1924 1925 1884)
4(1884 1925 1926 1885)
4(1886 1927 1928 1887)
4(1887 1928 1929 1888)
4(1888 1929 1930 1889)
4(1889 1930 1931 1890)
4(1890 1931 1932 1891)
4(1891 1932 1933 1892)
4(1892 1933 1934 1893)
4(1893 1934 1935 1894)
4(1894 1935 1936 1895)
4(1895 1936 1937 1896)
4(1896 1937 1938 1897)
4(1897 1938 1939 1898)
4(1898 1939 1940 1899)
4(1899 1940 1941 1900)
4(1900 1941 1942 1901)
4(1901 1942 1943 1902)
4(1902 1943 1944 1903)
4(1903 1944 1945 1904)
4(1904 1945 1946 1905)
4(1905 1946 1947 1906)
4(1906 1947 1948 1907)
4(1907 1948 1949 1908)
4(1908 1949 1950 1909)
4(1909 1950 1951 1910)
4(1910 1951 1952 1911)
4(1911 1952 1953 1912)
4(1912 1953 1954 1913)
4(1913 1954 1955 1914)
4(1914 1955 1956 1915)
4(1915 1956 1957 1916)
4(1916 1957 1958 1917)
4(1917 1958 1959 1918)
4(1918 1959 1960 1919)
4(1919 1960 1961 1920)
4(1920 1961 1962 1921)
4(1921 1962 1963 1922)
4(1922 1963 1964 1923)
4(1923 1964 1965 1924)
4(1924 1965 1966 1925)
4(1925 1966 1967 1926)
4(1927 1968 1969 1928)
4(1928 1969 1970 1929)
4(1929 1970 1971 1930)
4(1930 1971 1972 1931)
4(1931 1972 1973 1932)
4(1932 1973 1974 1933)
4(1933 1974 1975 1934)
4(1934 1975 1976 1935)
4(1935 1976 1977 1936)
4(1936 1977 1978 1937)
4(1937 1978 1979 1938)
4(1938 1979 1980 1939)
4(1939 1980 1981 1940)
4(1940 1981 1982 1941)
4(1941 1982 1983 1942)
4(1942 1983 1984 1943)
4(1943 1984 1985 1944)
4(1944 1985 1986 1945)
4(1945 1986 1987 1946)
4(1946 1987 1988 1947)
4(1947 1988 1989 1948)
4(1948 1989 1990 1949)
4(1949 1990 1991 1950)
4(1950 1991 1992 1951)
4(1951 1992 1993 1952)
4(1952 1993 1994 1953)
4(1953 1994 1995 1954)
4(1954 1995 1996 1955)
4(1955 1996 1997 1956)
4(1956 1997 1998 1957)
4(1957 1998 1999 1958)
4(1958 1999 2000 1959)
4(1959 2000 2001 1960)
4(1960 2001 2002 1961)
4(1961 2002 2003 1962)
4(1962 2003 2004 1963)
4(1963 2004 2005 1964)
4(1964 2005 2006 1965)
4(1965 2006 2007 1966)
4(1966 2007 2008 1967)
4(1968 2009 2010 1969)
4(1969 2010 2011 1970)
4(1970 2011 2012 1971)
4(1971 2012 2013 1972)
4(1972 2013 2014 1973)
4(1973 2014 2015 1974)
4(1974 2015 2016 1975)
4(1975 2016 2017 1976)
4(1976 2017 2018 1977)
4(1977 2018 2019 1978)
4(1978 2019 2020 1979)
4(1979 2020 2021 1980)
4(1980 2021 2022 1981)
4(1981 2022 2023 1982)
4(1982 2023 2024 1983)
4(1983 2024 2025 1984)
4(1984 2025 2026 1985)
4(1985 2026 2027 1986)
4(1986 2027 2028 1987)
4(1987 2028 2029 1988)
4(1988 2029 2030 1989)
4(1989 2030 2031 1990)
4(1990 2031 2032 1991)
4(1991 2032 2033 1992)
4(1992 2033 2034 1993)
4(1993 2034 2035 1994)
4(1994 2035 2036 1995)
4(1995 2036 2037 1996)
4(1996 2037 2038 1997)
4(1997 2038 2039 1998)
4(1998 2039 2040 1999)
4(1999 2040 2041 2000)
4(2000 2041 2042 2001)
4(2001 2042 2043 2002)
4(2002 2043 2044 2003)
4(2003 2044 2045 2004)
4(2004 2045 2046 2005)
4(2005 2046 2047 2006)
4(2006 2047 2048 2007)
4(2007 2048 2049 2008)
4(2009 2050 2051 2010)
4(2010 2051 2052 2011)
4(2011 2052 2053 2012)
4(2012 2053 2054 2013)
4(2013 2054 2055 2014)
4(2014 2055 2056 2015)
4(2015 2056 2057 2016)
4(2016 2057 2058 2017)
4(2017 2058 2059 2018)
4(2018 2059 2060 2019)
4(2019 2060 2061 2020)
4(2020 2061 2062 2021)
4(2021 2062 2063 2022)
4(2022 2063 2064 2023)
4(2023 2064 2065 2024)
4(2024 2065 2066 2025)
4(2025 2066 2067 2026)
4(2026 2067 2068 2027)
4(2027 2068 2069 2028)
4(2028 2069 2070 2029)
4(2029 2070 2071 2030)
4(2030 2071 2072 2031)
4(2031 2072 2073 2032)
4(2032 2073 2074 2033)
4(2033 2074 2075 2034)
4(2034 2075 2076 2035)
4(2035 2076 2077 2036)
4(2036 2077 2078 2037)
4(2037 2078 2079 2038)
4(2038 2079 2080 2039)
4(2039 2080 2081 2040)
4(2040 2081 2082 2041)
4(2041 2082 2083 2042)
4(2042 2083 2084 2043)
4(2043 2084 2085 2044)
4(2044 2085 2086 2045)
4(2045 2086 2087 2046)
4(2046 2087 2088 2047)
4(2047 2088 2089 2048)
4(2048 2089 2090 2049)
)


// ************************************************************************* //
