/*--------------------------------*- C++ -*----------------------------------*\
| =========                 |                                                 |
| \\      /  F ield         | OpenFOAM: The Open Source CFD Toolbox           |
|  \\    /   O peration     | Version:  2312                                  |
|   \\  /    A nd           | Website:  www.openfoam.com                      |
|    \\/     M anipulation  |                                                 |
\*---------------------------------------------------------------------------*/
FoamFile
{
    version     2.0;
    format      ascii;
    arch        "LSB;label=32;scalar=64";
    class       vectorField;
    location    "constant/polyMesh";
    object      points;
}
// * * * * * * * * * * * * * * * * * * * * * * * * * * * * * * * * * * * * * //


2091
(
(0.0 0.0 1332.0)
(0.0 100.0 1332.0)
(0.0 200.0 1332.0)
(0.0 300.0 1332.0)
(0.0 400.0 1332.0)
(0.0 500.0 1332.0)
(0.0 600.0 1332.0)
(0.0 700.0 1332.0)
(0.0 800.0 1332.0)
(0.0 900.0 1332.0)
(0.0 1000.0 1332.0)
(0.0 1100.0 1332.0)
(0.0 1200.0 1332.0)
(0.0 1300.0 1332.0)
(0.0 1400.0 1332.0)
(0.0 1500.0 1332.0)
(0.0 1600.0 1332.0)
(0.0 1700.0 1332.0)
(0.0 1800.0 1332.0)
(0.0 1900.0 1332.0)
(0.0 2000.0 1332.0)
(0.0 2100.0 1332.0)
(0.0 2200.0 1332.0)
(0.0 2300.0 1332.0)
(0.0 2400.0 1332.0)
(0.0 2500.0 1332.0)
(0.0 2600.0 1332.0)
(0.0 2700.0 1332.0)
(0.0 2800.0 1332.0)
(0.0 2900.0 1332.0)
(0.0 3000.0 1332.0)
(0.0 3100.0 1332.0)
(0.0 3200.0 1332.0)
(0.0 3300.0 1332.0)
(0.0 3400.0 1332.0)
(0.0 3500.0 1332.0)
(0.0 3600.0 1332.0)
(0.0 3700.0 1332.0)
(0.0 3800.0 1332.0)
(0.0 3900.0 1332.0)
(0.0 4000.0 1332.0)
(100.0 0.0 1244.68)
(100.0 100.0 1244.68)
(100.0 200.0 1244.68)
(100.0 300.0 1244.68)
(100.0 400.0 1244.68)
(100.0 500.0 1244.68)
(100.0 600.0 1244.68)
(100.0 700.0 1244.68)
(100.0 800.0 1244.68)
(100.0 900.0 1244.68)
(100.0 1000.0 1244.68)
(100.0 1100.0 1244.68)
(100.0 1200.0 1244.68)
(100.0 1300.0 1244.68)
(100.0 1400.0 1244.68)
(100.0 1500.0 1244.68)
(100.0 1600.0 1244.68)
(100.0 1700.0 1244.68)
(100.0 1800.0 1244.68)
(100.0 1900.0 1244.68)
(100.0 2000.0 1244.68)
(100.0 2100.0 1244.68)
(100.0 2200.0 1244.68)
(100.0 2300.0 1244.68)
(100.0 2400.0 1244.68)
(100.0 2500.0 1244.68)
(100.0 2600.0 1244.68)
(100.0 2700.0 1244.68)
(100.0 2800.0 1244.68)
(100.0 2900.0 1244.68)
(100.0 3000.0 1244.68)
(100.0 3100.0 1244.68)
(100.0 3200.0 1244.68)
(100.0 3300.0 1244.68)
(100.0 3400.0 1244.68)
(100.0 3500.0 1244.68)
(100.0 3600.0 1244.68)
(100.0 3700.0 1244.68)
(100.0 3800.0 1244.68)
(100.0 3900.0 1244.68)
(100.0 4000.0 1244.68)
(200.0 0.0 1160.32)
(200.0 100.0 1160.32)
(200.0 200.0 1160.32)
(200.0 300.0 1160.32)
(200.0 400.0 1160.32)
(200.0 500.0 1160.32)
(200.0 600.0 1160.32)
(200.0 700.0 1160.32)
(200.0 800.0 1160.32)
(200.0 900.0 1160.32)
(200.0 1000.0 1160.32)
(200.0 1100.0 1160.32)
(200.0 1200.0 1160.32)
(200.0 1300.0 1160.32)
(200.0 1400.0 1160.32)
(200.0 1500.0 1160.32)
(200.0 1600.0 1160.32)
(200.0 1700.0 1160.32)
(200.0 1800.0 1160.32)
(200.0 1900.0 1160.32)
(200.0 2000.0 1160.32)
(200.0 2100.0 1160.32)
(200.0 2200.0 1160.32)
(200.0 2300.0 1160.32)
(200.0 2400.0 1160.32)
(200.0 2500.0 1160.32)
(200.0 2600.0 1160.32)
(200.0 2700.0 1160.32)
(200.0 2800.0 1160.32)
(200.0 2900.0 1160.32)
(200.0 3000.0 1160.32)
(200.0 3100.0 1160.32)
(200.0 3200.0 1160.32)
(200.0 3300.0 1160.32)
(200.0 3400.0 1160.32)
(200.0 3500.0 1160.32)
(200.0 3600.0 1160.32)
(200.0 3700.0 1160.32)
(200.0 3800.0 1160.32)
(200.0 3900.0 1160.32)
(200.0 4000.0 1160.32)
(300.0 0.0 1078.92)
(300.0 100.0 1078.92)
(300.0 200.0 1078.92)
(300.0 300.0 1078.92)
(300.0 400.0 1078.92)
(300.0 500.0 1078.92)
(300.0 600.0 1078.92)
(300.0 700.0 1078.92)
(300.0 800.0 1078.92)
(300.0 900.0 1078.92)
(300.0 1000.0 1078.92)
(300.0 1100.0 1078.92)
(300.0 1200.0 1078.92)
(300.0 1300.0 1078.92)
(300.0 1400.0 1078.92)
(300.0 1500.0 1078.92)
(300.0 1600.0 1078.92)
(300.0 1700.0 1078.92)
(300.0 1800.0 1078.92)
(300.0 1900.0 1078.92)
(300.0 2000.0 1078.92)
(300.0 2100.0 1078.92)
(300.0 2200.0 1078.92)
(300.0 2300.0 1078.92)
(300.0 2400.0 1078.92)
(300.0 2500.0 1078.92)
(300.0 2600.0 1078.92)
(300.0 2700.0 1078.92)
(300.0 2800.0 1078.92)
(300.0 2900.0 1078.92)
(300.0 3000.0 1078.92)
(300.0 3100.0 1078.92)
(300.0 3200.0 1078.92)
(300.0 3300.0 1078.92)
(300.0 3400.0 1078.92)
(300.0 3500.0 1078.92)
(300.0 3600.0 1078.92)
(300.0 3700.0 1078.92)
(300.0 3800.0 1078.92)
(300.0 3900.0 1078.92)
(300.0 4000.0 1078.92)
(400.0 0.0 1000.48)
(400.0 100.0 1000.48)
(400.0 200.0 1000.48)
(400.0 300.0 1000.48)
(400.0 400.0 1000.48)
(400.0 500.0 1000.48)
(400.0 600.0 1000.48)
(400.0 700.0 1000.48)
(400.0 800.0 1000.48)
(400.0 900.0 1000.48)
(400.0 1000.0 1000.48)
(400.0 1100.0 1000.48)
(400.0 1200.0 1000.48)
(400.0 1300.0 1000.48)
(400.0 1400.0 1000.48)
(400.0 1500.0 1000.48)
(400.0 1600.0 1000.48)
(400.0 1700.0 1000.48)
(400.0 1800.0 1000.48)
(400.0 1900.0 1000.48)
(400.0 2000.0 1000.48)
(400.0 2100.0 1000.48)
(400.0 2200.0 1000.48)
(400.0 2300.0 1000.48)
(400.0 2400.0 1000.48)
(400.0 2500.0 1000.48)
(400.0 2600.0 1000.48)
(400.0 2700.0 1000.48)
(400.0 2800.0 1000.48)
(400.0 2900.0 1000.48)
(400.0 3000.0 1000.48)
(400.0 3100.0 1000.48)
(400.0 3200.0 1000.48)
(400.0 3300.0 1000.48)
(400.0 3400.0 1000.48)
(400.0 3500.0 1000.48)
(400.0 3600.0 1000.48)
(400.0 3700.0 1000.48)
(400.0 3800.0 1000.48)
(400.0 3900.0 1000.48)
(400.0 4000.0 1000.48)
(500.0 0.0 925.0)
(500.0 100.0 925.0)
(500.0 200.0 925.0)
(500.0 300.0 925.0)
(500.0 400.0 925.0)
(500.0 500.0 925.0)
(500.0 600.0 925.0)
(500.0 700.0 925.0)
(500.0 800.0 925.0)
(500.0 900.0 925.0)
(500.0 1000.0 925.0)
(500.0 1100.0 925.0)
(500.0 1200.0 925.0)
(500.0 1300.0 925.0)
(500.0 1400.0 925.0)
(500.0 1500.0 925.0)
(500.0 1600.0 925.0)
(500.0 1700.0 925.0)
(500.0 1800.0 925.0)
(500.0 1900.0 925.0)
(500.0 2000.0 925.0)
(500.0 2100.0 925.0)
(500.0 2200.0 925.0)
(500.0 2300.0 925.0)
(500.0 2400.0 925.0)
(500.0 2500.0 925.0)
(500.0 2600.0 925.0)
(500.0 2700.0 925.0)
(500.0 2800.0 925.0)
(500.0 2900.0 925.0)
(500.0 3000.0 925.0)
(500.0 3100.0 925.0)
(500.0 3200.0 925.0)
(500.0 3300.0 925.0)
(500.0 3400.0 925.0)
(500.0 3500.0 925.0)
(500.0 3600.0 925.0)
(500.0 3700.0 925.0)
(500.0 3800.0 925.0)
(500.0 3900.0 925.0)
(500.0 4000.0 925.0)
(600.0 0.0 852.48)
(600.0 100.0 852.48)
(600.0 200.0 852.48)
(600.0 300.0 852.48)
(600.0 400.0 852.48)
(600.0 500.0 852.48)
(600.0 600.0 852.48)
(600.0 700.0 852.48)
(600.0 800.0 852.48)
(600.0 900.0 852.48)
(600.0 1000.0 852.48)
(600.0 1100.0 852.48)
(600.0 1200.0 852.48)
(600.0 1300.0 852.48)
(600.0 1400.0 852.48)
(600.0 1500.0 852.48)
(600.0 1600.0 852.48)
(600.0 1700.0 852.48)
(600.0 1800.0 852.48)
(600.0 1900.0 852.48)
(600.0 2000.0 852.48)
(600.0 2100.0 852.48)
(600.0 2200.0 852.48)
(600.0 2300.0 852.48)
(600.0 2400.0 852.48)
(600.0 2500.0 852.48)
(600.0 2600.0 852.48)
(600.0 2700.0 852.48)
(600.0 2800.0 852.48)
(600.0 2900.0 852.48)
(600.0 3000.0 852.48)
(600.0 3100.0 852.48)
(600.0 3200.0 852.48)
(600.0 3300.0 852.48)
(600.0 3400.0 852.48)
(600.0 3500.0 852.48)
(600.0 3600.0 852.48)
(600.0 3700.0 852.48)
(600.0 3800.0 852.48)
(600.0 3900.0 852.48)
(600.0 4000.0 852.48)
(700.0 0.0 782.92)
(700.0 100.0 782.92)
(700.0 200.0 782.92)
(700.0 300.0 782.92)
(700.0 400.0 782.92)
(700.0 500.0 782.92)
(700.0 600.0 782.92)
(700.0 700.0 782.92)
(700.0 800.0 782.92)
(700.0 900.0 782.92)
(700.0 1000.0 782.92)
(700.0 1100.0 782.92)
(700.0 1200.0 782.92)
(700.0 1300.0 782.92)
(700.0 1400.0 782.92)
(700.0 1500.0 782.92)
(700.0 1600.0 782.92)
(700.0 1700.0 782.92)
(700.0 1800.0 782.92)
(700.0 1900.0 782.92)
(700.0 2000.0 782.92)
(700.0 2100.0 782.92)
(700.0 2200.0 782.92)
(700.0 2300.0 782.92)
(700.0 2400.0 782.92)
(700.0 2500.0 782.92)
(700.0 2600.0 782.92)
(700.0 2700.0 782.92)
(700.0 2800.0 782.92)
(700.0 2900.0 782.92)
(700.0 3000.0 782.92)
(700.0 3100.0 782.92)
(700.0 3200.0 782.92)
(700.0 3300.0 782.92)
(700.0 3400.0 782.92)
(700.0 3500.0 782.92)
(700.0 3600.0 782.92)
(700.0 3700.0 782.92)
(700.0 3800.0 782.92)
(700.0 3900.0 782.92)
(700.0 4000.0 782.92)
(800.0 0.0 716.32)
(800.0 100.0 716.32)
(800.0 200.0 716.32)
(800.0 300.0 716.32)
(800.0 400.0 716.32)
(800.0 500.0 716.32)
(800.0 600.0 716.32)
(800.0 700.0 716.32)
(800.0 800.0 716.32)
(800.0 900.0 716.32)
(800.0 1000.0 716.32)
(800.0 1100.0 716.32)
(800.0 1200.0 716.32)
(800.0 1300.0 716.32)
(800.0 1400.0 716.32)
(800.0 1500.0 716.32)
(800.0 1600.0 716.32)
(800.0 1700.0 716.32)
(800.0 1800.0 716.32)
(800.0 1900.0 716.32)
(800.0 2000.0 716.32)
(800.0 2100.0 716.32)
(800.0 2200.0 716.32)
(800.0 2300.0 716.32)
(800.0 2400.0 716.32)
(800.0 2500.0 716.32)
(800.0 2600.0 716.32)
(800.0 2700.0 716.32)
(800.0 2800.0 716.32)
(800.0 2900.0 716.32)
(800.0 3000.0 716.32)
(800.0 3100.0 716.32)
(800.0 3200.0 716.32)
(800.0 3300.0 716.32)
(800.0 3400.0 716.32)
(800.0 3500.0 716.32)
(800.0 3600.0 716.32)
(800.0 3700.0 716.32)
(800.0 3800.0 716.32)
(800.0 3900.0 716.32)
(800.0 4000.0 716.32)
(900.0 0.0 652.68)
(900.0 100.0 652.68)
(900.0 200.0 652.68)
(900.0 300.0 652.68)
(900.0 400.0 652.68)
(900.0 500.0 652.68)
(900.0 600.0 652.68)
(900.0 700.0 652.68)
(900.0 800.0 652.68)
(900.0 900.0 652.68)
(900.0 1000.0 652.68)
(900.0 1100.0 652.68)
(900.0 1200.0 652.68)
(900.0 1300.0 652.68)
(900.0 1400.0 652.68)
(900.0 1500.0 652.68)
(900.0 1600.0 652.68)
(900.0 1700.0 652.68)
(900.0 1800.0 652.68)
(900.0 1900.0 652.68)
(900.0 2000.0 652.68)
(900.0 2100.0 652.68)
(900.0 2200.0 652.68)
(900.0 2300.0 652.68)
(900.0 2400.0 652.68)
(900.0 2500.0 652.68)
(900.0 2600.0 652.68)
(900.0 2700.0 652.68)
(900.0 2800.0 652.68)
(900.0 2900.0 652.68)
(900.0 3000.0 652.68)
(900.0 3100.0 652.68)
(900.0 3200.0 652.68)
(900.0 3300.0 652.68)
(900.0 3400.0 652.68)
(900.0 3500.0 652.68)
(900.0 3600.0 652.68)
(900.0 3700.0 652.68)
(900.0 3800.0 652.68)
(900.0 3900.0 652.68)
(900.0 4000.0 652.68)
(1000.0 0.0 592.0)
(1000.0 100.0 592.0)
(1000.0 200.0 592.0)
(1000.0 300.0 592.0)
(1000.0 400.0 592.0)
(1000.0 500.0 592.0)
(1000.0 600.0 592.0)
(1000.0 700.0 592.0)
(1000.0 800.0 592.0)
(1000.0 900.0 592.0)
(1000.0 1000.0 592.0)
(1000.0 1100.0 592.0)
(1000.0 1200.0 592.0)
(1000.0 1300.0 592.0)
(1000.0 1400.0 592.0)
(1000.0 1500.0 592.0)
(1000.0 1600.0 592.0)
(1000.0 1700.0 592.0)
(1000.0 1800.0 592.0)
(1000.0 1900.0 592.0)
(1000.0 2000.0 592.0)
(1000.0 2100.0 592.0)
(1000.0 2200.0 592.0)
(1000.0 2300.0 592.0)
(1000.0 2400.0 592.0)
(1000.0 2500.0 592.0)
(1000.0 2600.0 592.0)
(1000.0 2700.0 592.0)
(1000.0 2800.0 592.0)
(1000.0 2900.0 592.0)
(1000.0 3000.0 592.0)
(1000.0 3100.0 592.0)
(1000.0 3200.0 592.0)
(1000.0 3300.0 592.0)
(1000.0 3400.0 592.0)
(1000.0 3500.0 592.0)
(1000.0 3600.0 592.0)
(1000.0 3700.0 592.0)
(1000.0 3800.0 592.0)
(1000.0 3900.0 592.0)
(1000.0 4000.0 592.0)
(1100.0 0.0 534.28)
(1100.0 100.0 534.28)
(1100.0 200.0 534.28)
(1100.0 300.0 534.28)
(1100.0 400.0 534.28)
(1100.0 500.0 534.28)
(1100.0 600.0 534.28)
(1100.0 700.0 534.28)
(1100.0 800.0 534.28)
(1100.0 900.0 534.28)
(1100.0 1000.0 534.28)
(1100.0 1100.0 534.28)
(1100.0 1200.0 534.28)
(1100.0 1300.0 534.28)
(1100.0 1400.0 534.28)
(1100.0 1500.0 534.28)
(1100.0 1600.0 534.28)
(1100.0 1700.0 534.28)
(1100.0 1800.0 534.28)
(1100.0 1900.0 534.28)
(1100.0 2000.0 534.28)
(1100.0 2100.0 534.28)
(1100.0 2200.0 534.28)
(1100.0 2300.0 534.28)
(1100.0 2400.0 534.28)
(1100.0 2500.0 534.28)
(1100.0 2600.0 534.28)
(1100.0 2700.0 534.28)
(1100.0 2800.0 534.28)
(1100.0 2900.0 534.28)
(1100.0 3000.0 534.28)
(1100.0 3100.0 534.28)
(1100.0 3200.0 534.28)
(1100.0 3300.0 534.28)
(1100.0 3400.0 534.28)
(1100.0 3500.0 534.28)
(1100.0 3600.0 534.28)
(1100.0 3700.0 534.28)
(1100.0 3800.0 534.28)
(1100.0 3900.0 534.28)
(1100.0 4000.0 534.28)
(1200.0 0.0 479.5200000000001)
(1200.0 100.0 479.5200000000001)
(1200.0 200.0 479.5200000000001)
(1200.0 300.0 479.5200000000001)
(1200.0 400.0 479.5200000000001)
(1200.0 500.0 479.5200000000001)
(1200.0 600.0 479.5200000000001)
(1200.0 700.0 479.5200000000001)
(1200.0 800.0 479.5200000000001)
(1200.0 900.0 479.5200000000001)
(1200.0 1000.0 479.5200000000001)
(1200.0 1100.0 479.5200000000001)
(1200.0 1200.0 479.5200000000001)
(1200.0 1300.0 479.5200000000001)
(1200.0 1400.0 479.5200000000001)
(1200.0 1500.0 479.5200000000001)
(1200.0 1600.0 479.5200000000001)
(1200.0 1700.0 479.5200000000001)
(1200.0 1800.0 479.5200000000001)
(1200.0 1900.0 479.5200000000001)
(1200.0 2000.0 479.5200000000001)
(1200.0 2100.0 479.5200000000001)
(1200.0 2200.0 479.5200000000001)
(1200.0 2300.0 479.5200000000001)
(1200.0 2400.0 479.5200000000001)
(1200.0 2500.0 479.5200000000001)
(1200.0 2600.0 479.5200000000001)
(1200.0 2700.0 479.5200000000001)
(1200.0 2800.0 479.5200000000001)
(1200.0 2900.0 479.5200000000001)
(1200.0 3000.0 479.5200000000001)
(1200.0 3100.0 479.5200000000001)
(1200.0 3200.0 479.5200000000001)
(1200.0 3300.0 479.5200000000001)
(1200.0 3400.0 479.5200000000001)
(1200.0 3500.0 479.5200000000001)
(1200.0 3600.0 479.5200000000001)
(1200.0 3700.0 479.5200000000001)
(1200.0 3800.0 479.5200000000001)
(1200.0 3900.0 479.5200000000001)
(1200.0 4000.0 479.5200000000001)
(1300.0 0.0 427.7199999999999)
(1300.0 100.0 427.7199999999999)
(1300.0 200.0 427.7199999999999)
(1300.0 300.0 427.7199999999999)
(1300.0 400.0 427.7199999999999)
(1300.0 500.0 427.7199999999999)
(1300.0 600.0 427.7199999999999)
(1300.0 700.0 427.7199999999999)
(1300.0 800.0 427.7199999999999)
(1300.0 900.0 427.7199999999999)
(1300.0 1000.0 427.7199999999999)
(1300.0 1100.0 427.7199999999999)
(1300.0 1200.0 427.7199999999999)
(1300.0 1300.0 427.7199999999999)
(1300.0 1400.0 427.7199999999999)
(1300.0 1500.0 427.7199999999999)
(1300.0 1600.0 427.7199999999999)
(1300.0 1700.0 427.7199999999999)
(1300.0 1800.0 427.7199999999999)
(1300.0 1900.0 427.7199999999999)
(1300.0 2000.0 427.7199999999999)
(1300.0 2100.0 427.7199999999999)
(1300.0 2200.0 427.7199999999999)
(1300.0 2300.0 427.7199999999999)
(1300.0 2400.0 427.7199999999999)
(1300.0 2500.0 427.7199999999999)
(1300.0 2600.0 427.7199999999999)
(1300.0 2700.0 427.7199999999999)
(1300.0 2800.0 427.7199999999999)
(1300.0 2900.0 427.7199999999999)
(1300.0 3000.0 427.7199999999999)
(1300.0 3100.0 427.7199999999999)
(1300.0 3200.0 427.7199999999999)
(1300.0 3300.0 427.7199999999999)
(1300.0 3400.0 427.7199999999999)
(1300.0 3500.0 427.7199999999999)
(1300.0 3600.0 427.7199999999999)
(1300.0 3700.0 427.7199999999999)
(1300.0 3800.0 427.7199999999999)
(1300.0 3900.0 427.7199999999999)
(1300.0 4000.0 427.7199999999999)
(1400.0 0.0 378.8799999999999)
(1400.0 100.0 378.8799999999999)
(1400.0 200.0 378.8799999999999)
(1400.0 300.0 378.8799999999999)
(1400.0 400.0 378.8799999999999)
(1400.0 500.0 378.8799999999999)
(1400.0 600.0 378.8799999999999)
(1400.0 700.0 378.8799999999999)
(1400.0 800.0 378.8799999999999)
(1400.0 900.0 378.8799999999999)
(1400.0 1000.0 378.8799999999999)
(1400.0 1100.0 378.8799999999999)
(1400.0 1200.0 378.8799999999999)
(1400.0 1300.0 378.8799999999999)
(1400.0 1400.0 378.8799999999999)
(1400.0 1500.0 378.8799999999999)
(1400.0 1600.0 378.8799999999999)
(1400.0 1700.0 378.8799999999999)
(1400.0 1800.0 378.8799999999999)
(1400.0 1900.0 378.8799999999999)
(1400.0 2000.0 378.8799999999999)
(1400.0 2100.0 378.8799999999999)
(1400.0 2200.0 378.8799999999999)
(1400.0 2300.0 378.8799999999999)
(1400.0 2400.0 378.8799999999999)
(1400.0 2500.0 378.8799999999999)
(1400.0 2600.0 378.8799999999999)
(1400.0 2700.0 378.8799999999999)
(1400.0 2800.0 378.8799999999999)
(1400.0 2900.0 378.8799999999999)
(1400.0 3000.0 378.8799999999999)
(1400.0 3100.0 378.8799999999999)
(1400.0 3200.0 378.8799999999999)
(1400.0 3300.0 378.8799999999999)
(1400.0 3400.0 378.8799999999999)
(1400.0 3500.0 378.8799999999999)
(1400.0 3600.0 378.8799999999999)
(1400.0 3700.0 378.8799999999999)
(1400.0 3800.0 378.8799999999999)
(1400.0 3900.0 378.8799999999999)
(1400.0 4000.0 378.8799999999999)
(1500.0 0.0 333.0)
(1500.0 100.0 333.0)
(1500.0 200.0 333.0)
(1500.0 300.0 333.0)
(1500.0 400.0 333.0)
(1500.0 500.0 333.0)
(1500.0 600.0 333.0)
(1500.0 700.0 333.0)
(1500.0 800.0 333.0)
(1500.0 900.0 333.0)
(1500.0 1000.0 333.0)
(1500.0 1100.0 333.0)
(1500.0 1200.0 333.0)
(1500.0 1300.0 333.0)
(1500.0 1400.0 333.0)
(1500.0 1500.0 333.0)
(1500.0 1600.0 333.0)
(1500.0 1700.0 333.0)
(1500.0 1800.0 333.0)
(1500.0 1900.0 333.0)
(1500.0 2000.0 333.0)
(1500.0 2100.0 333.0)
(1500.0 2200.0 333.0)
(1500.0 2300.0 333.0)
(1500.0 2400.0 333.0)
(1500.0 2500.0 333.0)
(1500.0 2600.0 333.0)
(1500.0 2700.0 333.0)
(1500.0 2800.0 333.0)
(1500.0 2900.0 333.0)
(1500.0 3000.0 333.0)
(1500.0 3100.0 333.0)
(1500.0 3200.0 333.0)
(1500.0 3300.0 333.0)
(1500.0 3400.0 333.0)
(1500.0 3500.0 333.0)
(1500.0 3600.0 333.0)
(1500.0 3700.0 333.0)
(1500.0 3800.0 333.0)
(1500.0 3900.0 333.0)
(1500.0 4000.0 333.0)
(1600.0 0.0 290.0799999999999)
(1600.0 100.0 290.0799999999999)
(1600.0 200.0 290.0799999999999)
(1600.0 300.0 290.0799999999999)
(1600.0 400.0 290.0799999999999)
(1600.0 500.0 290.0799999999999)
(1600.0 600.0 290.0799999999999)
(1600.0 700.0 290.0799999999999)
(1600.0 800.0 290.0799999999999)
(1600.0 900.0 290.0799999999999)
(1600.0 1000.0 290.0799999999999)
(1600.0 1100.0 290.0799999999999)
(1600.0 1200.0 290.0799999999999)
(1600.0 1300.0 290.0799999999999)
(1600.0 1400.0 290.0799999999999)
(1600.0 1500.0 290.0799999999999)
(1600.0 1600.0 290.0799999999999)
(1600.0 1700.0 290.0799999999999)
(1600.0 1800.0 290.0799999999999)
(1600.0 1900.0 290.0799999999999)
(1600.0 2000.0 290.0799999999999)
(1600.0 2100.0 290.0799999999999)
(1600.0 2200.0 290.0799999999999)
(1600.0 2300.0 290.0799999999999)
(1600.0 2400.0 290.0799999999999)
(1600.0 2500.0 290.0799999999999)
(1600.0 2600.0 290.0799999999999)
(1600.0 2700.0 290.0799999999999)
(1600.0 2800.0 290.0799999999999)
(1600.0 2900.0 290.0799999999999)
(1600.0 3000.0 290.0799999999999)
(1600.0 3100.0 290.0799999999999)
(1600.0 3200.0 290.0799999999999)
(1600.0 3300.0 290.0799999999999)
(1600.0 3400.0 290.0799999999999)
(1600.0 3500.0 290.0799999999999)
(1600.0 3600.0 290.0799999999999)
(1600.0 3700.0 290.0799999999999)
(1600.0 3800.0 290.0799999999999)
(1600.0 3900.0 290.0799999999999)
(1600.0 4000.0 290.0799999999999)
(1700.0 0.0 250.12000000000012)
(1700.0 100.0 250.12000000000012)
(1700.0 200.0 250.12000000000012)
(1700.0 300.0 250.12000000000012)
(1700.0 400.0 250.12000000000012)
(1700.0 500.0 250.12000000000012)
(1700.0 600.0 250.12000000000012)
(1700.0 700.0 250.12000000000012)
(1700.0 800.0 250.12000000000012)
(1700.0 900.0 250.12000000000012)
(1700.0 1000.0 250.12000000000012)
(1700.0 1100.0 250.12000000000012)
(1700.0 1200.0 250.12000000000012)
(1700.0 1300.0 250.12000000000012)
(1700.0 1400.0 250.12000000000012)
(1700.0 1500.0 250.12000000000012)
(1700.0 1600.0 250.12000000000012)
(1700.0 1700.0 250.12000000000012)
(1700.0 1800.0 250.12000000000012)
(1700.0 1900.0 250.12000000000012)
(1700.0 2000.0 250.12000000000012)
(1700.0 2100.0 250.12000000000012)
(1700.0 2200.0 250.12000000000012)
(1700.0 2300.0 250.12000000000012)
(1700.0 2400.0 250.12000000000012)
(1700.0 2500.0 250.12000000000012)
(1700.0 2600.0 250.12000000000012)
(1700.0 2700.0 250.12000000000012)
(1700.0 2800.0 250.12000000000012)
(1700.0 2900.0 250.12000000000012)
(1700.0 3000.0 250.12000000000012)
(1700.0 3100.0 250.12000000000012)
(1700.0 3200.0 250.12000000000012)
(1700.0 3300.0 250.12000000000012)
(1700.0 3400.0 250.12000000000012)
(1700.0 3500.0 250.12000000000012)
(1700.0 3600.0 250.12000000000012)
(1700.0 3700.0 250.12000000000012)
(1700.0 3800.0 250.12000000000012)
(1700.0 3900.0 250.12000000000012)
(1700.0 4000.0 250.12000000000012)
(1800.0 0.0 213.1199999999999)
(1800.0 100.0 213.1199999999999)
(1800.0 200.0 213.1199999999999)
(1800.0 300.0 213.1199999999999)
(1800.0 400.0 213.1199999999999)
(1800.0 500.0 213.1199999999999)
(1800.0 600.0 213.1199999999999)
(1800.0 700.0 213.1199999999999)
(1800.0 800.0 213.1199999999999)
(1800.0 900.0 213.1199999999999)
(1800.0 1000.0 213.1199999999999)
(1800.0 1100.0 213.1199999999999)
(1800.0 1200.0 213.1199999999999)
(1800.0 1300.0 213.1199999999999)
(1800.0 1400.0 213.1199999999999)
(1800.0 1500.0 213.1199999999999)
(1800.0 1600.0 213.1199999999999)
(1800.0 1700.0 213.1199999999999)
(1800.0 1800.0 213.1199999999999)
(1800.0 1900.0 213.1199999999999)
(1800.0 2000.0 213.1199999999999)
(1800.0 2100.0 213.1199999999999)
(1800.0 2200.0 213.1199999999999)
(1800.0 2300.0 213.1199999999999)
(1800.0 2400.0 213.1199999999999)
(1800.0 2500.0 213.1199999999999)
(1800.0 2600.0 213.1199999999999)
(1800.0 2700.0 213.1199999999999)
(1800.0 2800.0 213.1199999999999)
(1800.0 2900.0 213.1199999999999)
(1800.0 3000.0 213.1199999999999)
(1800.0 3100.0 213.1199999999999)
(1800.0 3200.0 213.1199999999999)
(1800.0 3300.0 213.1199999999999)
(1800.0 3400.0 213.1199999999999)
(1800.0 3500.0 213.1199999999999)
(1800.0 3600.0 213.1199999999999)
(1800.0 3700.0 213.1199999999999)
(1800.0 3800.0 213.1199999999999)
(1800.0 3900.0 213.1199999999999)
(1800.0 4000.0 213.1199999999999)
(1900.0 0.0 179.07999999999993)
(1900.0 100.0 179.07999999999993)
(1900.0 200.0 179.07999999999993)
(1900.0 300.0 179.07999999999993)
(1900.0 400.0 179.07999999999993)
(1900.0 500.0 179.07999999999993)
(1900.0 600.0 179.07999999999993)
(1900.0 700.0 179.07999999999993)
(1900.0 800.0 179.07999999999993)
(1900.0 900.0 179.07999999999993)
(1900.0 1000.0 179.07999999999993)
(1900.0 1100.0 179.07999999999993)
(1900.0 1200.0 179.07999999999993)
(1900.0 1300.0 179.07999999999993)
(1900.0 1400.0 179.07999999999993)
(1900.0 1500.0 179.07999999999993)
(1900.0 1600.0 179.07999999999993)
(1900.0 1700.0 179.07999999999993)
(1900.0 1800.0 179.07999999999993)
(1900.0 1900.0 179.07999999999993)
(1900.0 2000.0 179.07999999999993)
(1900.0 2100.0 179.07999999999993)
(1900.0 2200.0 179.07999999999993)
(1900.0 2300.0 179.07999999999993)
(1900.0 2400.0 179.07999999999993)
(1900.0 2500.0 179.07999999999993)
(1900.0 2600.0 179.07999999999993)
(1900.0 2700.0 179.07999999999993)
(1900.0 2800.0 179.07999999999993)
(1900.0 2900.0 179.07999999999993)
(1900.0 3000.0 179.07999999999993)
(1900.0 3100.0 179.07999999999993)
(1900.0 3200.0 179.07999999999993)
(1900.0 3300.0 179.07999999999993)
(1900.0 3400.0 179.07999999999993)
(1900.0 3500.0 179.07999999999993)
(1900.0 3600.0 179.07999999999993)
(1900.0 3700.0 179.07999999999993)
(1900.0 3800.0 179.07999999999993)
(1900.0 3900.0 179.07999999999993)
(1900.0 4000.0 179.07999999999993)
(2000.0 0.0 148.0)
(2000.0 100.0 148.0)
(2000.0 200.0 148.0)
(2000.0 300.0 148.0)
(2000.0 400.0 148.0)
(2000.0 500.0 148.0)
(2000.0 600.0 148.0)
(2000.0 700.0 148.0)
(2000.0 800.0 148.0)
(2000.0 900.0 148.0)
(2000.0 1000.0 148.0)
(2000.0 1100.0 148.0)
(2000.0 1200.0 148.0)
(2000.0 1300.0 148.0)
(2000.0 1400.0 148.0)
(2000.0 1500.0 148.0)
(2000.0 1600.0 148.0)
(2000.0 1700.0 148.0)
(2000.0 1800.0 148.0)
(2000.0 1900.0 148.0)
(2000.0 2000.0 148.0)
(2000.0 2100.0 148.0)
(2000.0 2200.0 148.0)
(2000.0 2300.0 148.0)
(2000.0 2400.0 148.0)
(2000.0 2500.0 148.0)
(2000.0 2600.0 148.0)
(2000.0 2700.0 148.0)
(2000.0 2800.0 148.0)
(2000.0 2900.0 148.0)
(2000.0 3000.0 148.0)
(2000.0 3100.0 148.0)
(2000.0 3200.0 148.0)
(2000.0 3300.0 148.0)
(2000.0 3400.0 148.0)
(2000.0 3500.0 148.0)
(2000.0 3600.0 148.0)
(2000.0 3700.0 148.0)
(2000.0 3800.0 148.0)
(2000.0 3900.0 148.0)
(2000.0 4000.0 148.0)
(2100.0 0.0 119.88000000000011)
(2100.0 100.0 119.88000000000011)
(2100.0 200.0 119.88000000000011)
(2100.0 300.0 119.88000000000011)
(2100.0 400.0 119.88000000000011)
(2100.0 500.0 119.88000000000011)
(2100.0 600.0 119.88000000000011)
(2100.0 700.0 119.88000000000011)
(2100.0 800.0 119.88000000000011)
(2100.0 900.0 119.88000000000011)
(2100.0 1000.0 119.88000000000011)
(2100.0 1100.0 119.88000000000011)
(2100.0 1200.0 119.88000000000011)
(2100.0 1300.0 119.88000000000011)
(2100.0 1400.0 119.88000000000011)
(2100.0 1500.0 119.88000000000011)
(2100.0 1600.0 119.88000000000011)
(2100.0 1700.0 119.88000000000011)
(2100.0 1800.0 119.88000000000011)
(2100.0 1900.0 119.88000000000011)
(2100.0 2000.0 119.88000000000011)
(2100.0 2100.0 119.88000000000011)
(2100.0 2200.0 119.88000000000011)
(2100.0 2300.0 119.88000000000011)
(2100.0 2400.0 119.88000000000011)
(2100.0 2500.0 119.88000000000011)
(2100.0 2600.0 119.88000000000011)
(2100.0 2700.0 119.88000000000011)
(2100.0 2800.0 119.88000000000011)
(2100.0 2900.0 119.88000000000011)
(2100.0 3000.0 119.88000000000011)
(2100.0 3100.0 119.88000000000011)
(2100.0 3200.0 119.88000000000011)
(2100.0 3300.0 119.88000000000011)
(2100.0 3400.0 119.88000000000011)
(2100.0 3500.0 119.88000000000011)
(2100.0 3600.0 119.88000000000011)
(2100.0 3700.0 119.88000000000011)
(2100.0 3800.0 119.88000000000011)
(2100.0 3900.0 119.88000000000011)
(2100.0 4000.0 119.88000000000011)
(2200.0 0.0 94.7199999999998)
(2200.0 100.0 94.7199999999998)
(2200.0 200.0 94.7199999999998)
(2200.0 300.0 94.7199999999998)
(2200.0 400.0 94.7199999999998)
(2200.0 500.0 94.7199999999998)
(2200.0 600.0 94.7199999999998)
(2200.0 700.0 94.7199999999998)
(2200.0 800.0 94.7199999999998)
(2200.0 900.0 94.7199999999998)
(2200.0 1000.0 94.7199999999998)
(2200.0 1100.0 94.7199999999998)
(2200.0 1200.0 94.7199999999998)
(2200.0 1300.0 94.7199999999998)
(2200.0 1400.0 94.7199999999998)
(2200.0 1500.0 94.7199999999998)
(2200.0 1600.0 94.7199999999998)
(2200.0 1700.0 94.7199999999998)
(2200.0 1800.0 94.7199999999998)
(2200.0 1900.0 94.7199999999998)
(2200.0 2000.0 94.7199999999998)
(2200.0 2100.0 94.7199999999998)
(2200.0 2200.0 94.7199999999998)
(2200.0 2300.0 94.7199999999998)
(2200.0 2400.0 94.7199999999998)
(2200.0 2500.0 94.7199999999998)
(2200.0 2600.0 94.7199999999998)
(2200.0 2700.0 94.7199999999998)
(2200.0 2800.0 94.7199999999998)
(2200.0 2900.0 94.7199999999998)
(2200.0 3000.0 94.7199999999998)
(2200.0 3100.0 94.7199999999998)
(2200.0 3200.0 94.7199999999998)
(2200.0 3300.0 94.7199999999998)
(2200.0 3400.0 94.7199999999998)
(2200.0 3500.0 94.7199999999998)
(2200.0 3600.0 94.7199999999998)
(2200.0 3700.0 94.7199999999998)
(2200.0 3800.0 94.7199999999998)
(2200.0 3900.0 94.7199999999998)
(2200.0 4000.0 94.7199999999998)
(2300.0 0.0 72.51999999999998)
(2300.0 100.0 72.51999999999998)
(2300.0 200.0 72.51999999999998)
(2300.0 300.0 72.51999999999998)
(2300.0 400.0 72.51999999999998)
(2300.0 500.0 72.51999999999998)
(2300.0 600.0 72.51999999999998)
(2300.0 700.0 72.51999999999998)
(2300.0 800.0 72.51999999999998)
(2300.0 900.0 72.51999999999998)
(2300.0 1000.0 72.51999999999998)
(2300.0 1100.0 72.51999999999998)
(2300.0 1200.0 72.51999999999998)
(2300.0 1300.0 72.51999999999998)
(2300.0 1400.0 72.51999999999998)
(2300.0 1500.0 72.51999999999998)
(2300.0 1600.0 72.51999999999998)
(2300.0 1700.0 72.51999999999998)
(2300.0 1800.0 72.51999999999998)
(2300.0 1900.0 72.51999999999998)
(2300.0 2000.0 72.51999999999998)
(2300.0 2100.0 72.51999999999998)
(2300.0 2200.0 72.51999999999998)
(2300.0 2300.0 72.51999999999998)
(2300.0 2400.0 72.51999999999998)
(2300.0 2500.0 72.51999999999998)
(2300.0 2600.0 72.51999999999998)
(2300.0 2700.0 72.51999999999998)
(2300.0 2800.0 72.51999999999998)
(2300.0 2900.0 72.51999999999998)
(2300.0 3000.0 72.51999999999998)
(2300.0 3100.0 72.51999999999998)
(2300.0 3200.0 72.51999999999998)
(2300.0 3300.0 72.51999999999998)
(2300.0 3400.0 72.51999999999998)
(2300.0 3500.0 72.51999999999998)
(2300.0 3600.0 72.51999999999998)
(2300.0 3700.0 72.51999999999998)
(2300.0 3800.0 72.51999999999998)
(2300.0 3900.0 72.51999999999998)
(2300.0 4000.0 72.51999999999998)
(2400.0 0.0 53.2800000000002)
(2400.0 100.0 53.2800000000002)
(2400.0 200.0 53.2800000000002)
(2400.0 300.0 53.2800000000002)
(2400.0 400.0 53.2800000000002)
(2400.0 500.0 53.2800000000002)
(2400.0 600.0 53.2800000000002)
(2400.0 700.0 53.2800000000002)
(2400.0 800.0 53.2800000000002)
(2400.0 900.0 53.2800000000002)
(2400.0 1000.0 53.2800000000002)
(2400.0 1100.0 53.2800000000002)
(2400.0 1200.0 53.2800000000002)
(2400.0 1300.0 53.2800000000002)
(2400.0 1400.0 53.2800000000002)
(2400.0 1500.0 53.2800000000002)
(2400.0 1600.0 53.2800000000002)
(2400.0 1700.0 53.2800000000002)
(2400.0 1800.0 53.2800000000002)
(2400.0 1900.0 53.2800000000002)
(2400.0 2000.0 53.2800000000002)
(2400.0 2100.0 53.2800000000002)
(2400.0 2200.0 53.2800000000002)
(2400.0 2300.0 53.2800000000002)
(2400.0 2400.0 53.2800000000002)
(2400.0 2500.0 53.2800000000002)
(2400.0 2600.0 53.2800000000002)
(2400.0 2700.0 53.2800000000002)
(2400.0 2800.0 53.2800000000002)
(2400.0 2900.0 53.2800000000002)
(2400.0 3000.0 53.2800000000002)
(2400.0 3100.0 53.2800000000002)
(2400.0 3200.0 53.2800000000002)
(2400.0 3300.0 53.2800000000002)
(2400.0 3400.0 53.2800000000002)
(2400.0 3500.0 53.2800000000002)
(2400.0 3600.0 53.2800000000002)
(2400.0 3700.0 53.2800000000002)
(2400.0 3800.0 53.2800000000002)
(2400.0 3900.0 53.2800000000002)
(2400.0 4000.0 53.2800000000002)
(2500.0 0.0 37.0)
(2500.0 100.0 37.0)
(2500.0 200.0 37.0)
(2500.0 300.0 37.0)
(2500.0 400.0 37.0)
(2500.0 500.0 37.0)
(2500.0 600.0 37.0)
(2500.0 700.0 37.0)
(2500.0 800.0 37.0)
(2500.0 900.0 37.0)
(2500.0 1000.0 37.0)
(2500.0 1100.0 37.0)
(2500.0 1200.0 37.0)
(2500.0 1300.0 37.0)
(2500.0 1400.0 37.0)
(2500.0 1500.0 37.0)
(2500.0 1600.0 37.0)
(2500.0 1700.0 37.0)
(2500.0 1800.0 37.0)
(2500.0 1900.0 37.0)
(2500.0 2000.0 37.0)
(2500.0 2100.0 37.0)
(2500.0 2200.0 37.0)
(2500.0 2300.0 37.0)
(2500.0 2400.0 37.0)
(2500.0 2500.0 37.0)
(2500.0 2600.0 37.0)
(2500.0 2700.0 37.0)
(2500.0 2800.0 37.0)
(2500.0 2900.0 37.0)
(2500.0 3000.0 37.0)
(2500.0 3100.0 37.0)
(2500.0 3200.0 37.0)
(2500.0 3300.0 37.0)
(2500.0 3400.0 37.0)
(2500.0 3500.0 37.0)
(2500.0 3600.0 37.0)
(2500.0 3700.0 37.0)
(2500.0 3800.0 37.0)
(2500.0 3900.0 37.0)
(2500.0 4000.0 37.0)
(2600.0 0.0 23.679999999999836)
(2600.0 100.0 23.679999999999836)
(2600.0 200.0 23.679999999999836)
(2600.0 300.0 23.679999999999836)
(2600.0 400.0 23.679999999999836)
(2600.0 500.0 23.679999999999836)
(2600.0 600.0 23.679999999999836)
(2600.0 700.0 23.679999999999836)
(2600.0 800.0 23.679999999999836)
(2600.0 900.0 23.679999999999836)
(2600.0 1000.0 23.679999999999836)
(2600.0 1100.0 23.679999999999836)
(2600.0 1200.0 23.679999999999836)
(2600.0 1300.0 23.679999999999836)
(2600.0 1400.0 23.679999999999836)
(2600.0 1500.0 23.679999999999836)
(2600.0 1600.0 23.679999999999836)
(2600.0 1700.0 23.679999999999836)
(2600.0 1800.0 23.679999999999836)
(2600.0 1900.0 23.679999999999836)
(2600.0 2000.0 23.679999999999836)
(2600.0 2100.0 23.679999999999836)
(2600.0 2200.0 23.679999999999836)
(2600.0 2300.0 23.679999999999836)
(2600.0 2400.0 23.679999999999836)
(2600.0 2500.0 23.679999999999836)
(2600.0 2600.0 23.679999999999836)
(2600.0 2700.0 23.679999999999836)
(2600.0 2800.0 23.679999999999836)
(2600.0 2900.0 23.679999999999836)
(2600.0 3000.0 23.679999999999836)
(2600.0 3100.0 23.679999999999836)
(2600.0 3200.0 23.679999999999836)
(2600.0 3300.0 23.679999999999836)
(2600.0 3400.0 23.679999999999836)
(2600.0 3500.0 23.679999999999836)
(2600.0 3600.0 23.679999999999836)
(2600.0 3700.0 23.679999999999836)
(2600.0 3800.0 23.679999999999836)
(2600.0 3900.0 23.679999999999836)
(2600.0 4000.0 23.679999999999836)
(2700.0 0.0 13.319999999999936)
(2700.0 100.0 13.319999999999936)
(2700.0 200.0 13.319999999999936)
(2700.0 300.0 13.319999999999936)
(2700.0 400.0 13.319999999999936)
(2700.0 500.0 13.319999999999936)
(2700.0 600.0 13.319999999999936)
(2700.0 700.0 13.319999999999936)
(2700.0 800.0 13.319999999999936)
(2700.0 900.0 13.319999999999936)
(2700.0 1000.0 13.319999999999936)
(2700.0 1100.0 13.319999999999936)
(2700.0 1200.0 13.319999999999936)
(2700.0 1300.0 13.319999999999936)
(2700.0 1400.0 13.319999999999936)
(2700.0 1500.0 13.319999999999936)
(2700.0 1600.0 13.319999999999936)
(2700.0 1700.0 13.319999999999936)
(2700.0 1800.0 13.319999999999936)
(2700.0 1900.0 13.319999999999936)
(2700.0 2000.0 13.319999999999936)
(2700.0 2100.0 13.319999999999936)
(2700.0 2200.0 13.319999999999936)
(2700.0 2300.0 13.319999999999936)
(2700.0 2400.0 13.319999999999936)
(2700.0 2500.0 13.319999999999936)
(2700.0 2600.0 13.319999999999936)
(2700.0 2700.0 13.319999999999936)
(2700.0 2800.0 13.319999999999936)
(2700.0 2900.0 13.319999999999936)
(2700.0 3000.0 13.319999999999936)
(2700.0 3100.0 13.319999999999936)
(2700.0 3200.0 13.319999999999936)
(2700.0 3300.0 13.319999999999936)
(2700.0 3400.0 13.319999999999936)
(2700.0 3500.0 13.319999999999936)
(2700.0 3600.0 13.319999999999936)
(2700.0 3700.0 13.319999999999936)
(2700.0 3800.0 13.319999999999936)
(2700.0 3900.0 13.319999999999936)
(2700.0 4000.0 13.319999999999936)
(2800.0 0.0 5.919999999999845)
(2800.0 100.0 5.919999999999845)
(2800.0 200.0 5.919999999999845)
(2800.0 300.0 5.919999999999845)
(2800.0 400.0 5.919999999999845)
(2800.0 500.0 5.919999999999845)
(2800.0 600.0 5.919999999999845)
(2800.0 700.0 5.919999999999845)
(2800.0 800.0 5.919999999999845)
(2800.0 900.0 5.919999999999845)
(2800.0 1000.0 5.919999999999845)
(2800.0 1100.0 5.919999999999845)
(2800.0 1200.0 5.919999999999845)
(2800.0 1300.0 5.919999999999845)
(2800.0 1400.0 5.919999999999845)
(2800.0 1500.0 5.919999999999845)
(2800.0 1600.0 5.919999999999845)
(2800.0 1700.0 5.919999999999845)
(2800.0 1800.0 5.919999999999845)
(2800.0 1900.0 5.919999999999845)
(2800.0 2000.0 5.919999999999845)
(2800.0 2100.0 5.919999999999845)
(2800.0 2200.0 5.919999999999845)
(2800.0 2300.0 5.919999999999845)
(2800.0 2400.0 5.919999999999845)
(2800.0 2500.0 5.919999999999845)
(2800.0 2600.0 5.919999999999845)
(2800.0 2700.0 5.919999999999845)
(2800.0 2800.0 5.919999999999845)
(2800.0 2900.0 5.919999999999845)
(2800.0 3000.0 5.919999999999845)
(2800.0 3100.0 5.919999999999845)
(2800.0 3200.0 5.919999999999845)
(2800.0 3300.0 5.919999999999845)
(2800.0 3400.0 5.919999999999845)
(2800.0 3500.0 5.919999999999845)
(2800.0 3600.0 5.919999999999845)
(2800.0 3700.0 5.919999999999845)
(2800.0 3800.0 5.919999999999845)
(2800.0 3900.0 5.919999999999845)
(2800.0 4000.0 5.919999999999845)
(2900.0 0.0 1.4800000000000182)
(2900.0 100.0 1.4800000000000182)
(2900.0 200.0 1.4800000000000182)
(2900.0 300.0 1.4800000000000182)
(2900.0 400.0 1.4800000000000182)
(2900.0 500.0 1.4800000000000182)
(2900.0 600.0 1.4800000000000182)
(2900.0 700.0 1.4800000000000182)
(2900.0 800.0 1.4800000000000182)
(2900.0 900.0 1.4800000000000182)
(2900.0 1000.0 1.4800000000000182)
(2900.0 1100.0 1.4800000000000182)
(2900.0 1200.0 1.4800000000000182)
(2900.0 1300.0 1.4800000000000182)
(2900.0 1400.0 1.4800000000000182)
(2900.0 1500.0 1.4800000000000182)
(2900.0 1600.0 1.4800000000000182)
(2900.0 1700.0 1.4800000000000182)
(2900.0 1800.0 1.4800000000000182)
(2900.0 1900.0 1.4800000000000182)
(2900.0 2000.0 1.4800000000000182)
(2900.0 2100.0 1.4800000000000182)
(2900.0 2200.0 1.4800000000000182)
(2900.0 2300.0 1.4800000000000182)
(2900.0 2400.0 1.4800000000000182)
(2900.0 2500.0 1.4800000000000182)
(2900.0 2600.0 1.4800000000000182)
(2900.0 2700.0 1.4800000000000182)
(2900.0 2800.0 1.4800000000000182)
(2900.0 2900.0 1.4800000000000182)
(2900.0 3000.0 1.4800000000000182)
(2900.0 3100.0 1.4800000000000182)
(2900.0 3200.0 1.4800000000000182)
(2900.0 3300.0 1.4800000000000182)
(2900.0 3400.0 1.4800000000000182)
(2900.0 3500.0 1.4800000000000182)
(2900.0 3600.0 1.4800000000000182)
(2900.0 3700.0 1.4800000000000182)
(2900.0 3800.0 1.4800000000000182)
(2900.0 3900.0 1.4800000000000182)
(2900.0 4000.0 1.4800000000000182)
(3000.0 0.0 0.0)
(3000.0 100.0 0.0)
(3000.0 200.0 0.0)
(3000.0 300.0 0.0)
(3000.0 400.0 0.0)
(3000.0 500.0 0.0)
(3000.0 600.0 0.0)
(3000.0 700.0 0.0)
(3000.0 800.0 0.0)
(3000.0 900.0 0.0)
(3000.0 1000.0 0.0)
(3000.0 1100.0 0.0)
(3000.0 1200.0 0.0)
(3000.0 1300.0 0.0)
(3000.0 1400.0 0.0)
(3000.0 1500.0 0.0)
(3000.0 1600.0 0.0)
(3000.0 1700.0 0.0)
(3000.0 1800.0 0.0)
(3000.0 1900.0 0.0)
(3000.0 2000.0 0.0)
(3000.0 2100.0 0.0)
(3000.0 2200.0 0.0)
(3000.0 2300.0 0.0)
(3000.0 2400.0 0.0)
(3000.0 2500.0 0.0)
(3000.0 2600.0 0.0)
(3000.0 2700.0 0.0)
(3000.0 2800.0 0.0)
(3000.0 2900.0 0.0)
(3000.0 3000.0 0.0)
(3000.0 3100.0 0.0)
(3000.0 3200.0 0.0)
(3000.0 3300.0 0.0)
(3000.0 3400.0 0.0)
(3000.0 3500.0 0.0)
(3000.0 3600.0 0.0)
(3000.0 3700.0 0.0)
(3000.0 3800.0 0.0)
(3000.0 3900.0 0.0)
(3000.0 4000.0 0.0)
(3100.0 0.0 0.0)
(3100.0 100.0 0.0)
(3100.0 200.0 0.0)
(3100.0 300.0 0.0)
(3100.0 400.0 0.0)
(3100.0 500.0 0.0)
(3100.0 600.0 0.0)
(3100.0 700.0 0.0)
(3100.0 800.0 0.0)
(3100.0 900.0 0.0)
(3100.0 1000.0 0.0)
(3100.0 1100.0 0.0)
(3100.0 1200.0 0.0)
(3100.0 1300.0 0.0)
(3100.0 1400.0 0.0)
(3100.0 1500.0 0.0)
(3100.0 1600.0 0.0)
(3100.0 1700.0 0.0)
(3100.0 1800.0 0.0)
(3100.0 1900.0 0.0)
(3100.0 2000.0 0.0)
(3100.0 2100.0 0.0)
(3100.0 2200.0 0.0)
(3100.0 2300.0 0.0)
(3100.0 2400.0 0.0)
(3100.0 2500.0 0.0)
(3100.0 2600.0 0.0)
(3100.0 2700.0 0.0)
(3100.0 2800.0 0.0)
(3100.0 2900.0 0.0)
(3100.0 3000.0 0.0)
(3100.0 3100.0 0.0)
(3100.0 3200.0 0.0)
(3100.0 3300.0 0.0)
(3100.0 3400.0 0.0)
(3100.0 3500.0 0.0)
(3100.0 3600.0 0.0)
(3100.0 3700.0 0.0)
(3100.0 3800.0 0.0)
(3100.0 3900.0 0.0)
(3100.0 4000.0 0.0)
(3200.0 0.0 0.0)
(3200.0 100.0 0.0)
(3200.0 200.0 0.0)
(3200.0 300.0 0.0)
(3200.0 400.0 0.0)
(3200.0 500.0 0.0)
(3200.0 600.0 0.0)
(3200.0 700.0 0.0)
(3200.0 800.0 0.0)
(3200.0 900.0 0.0)
(3200.0 1000.0 0.0)
(3200.0 1100.0 0.0)
(3200.0 1200.0 0.0)
(3200.0 1300.0 0.0)
(3200.0 1400.0 0.0)
(3200.0 1500.0 0.0)
(3200.0 1600.0 0.0)
(3200.0 1700.0 0.0)
(3200.0 1800.0 0.0)
(3200.0 1900.0 0.0)
(3200.0 2000.0 0.0)
(3200.0 2100.0 0.0)
(3200.0 2200.0 0.0)
(3200.0 2300.0 0.0)
(3200.0 2400.0 0.0)
(3200.0 2500.0 0.0)
(3200.0 2600.0 0.0)
(3200.0 2700.0 0.0)
(3200.0 2800.0 0.0)
(3200.0 2900.0 0.0)
(3200.0 3000.0 0.0)
(3200.0 3100.0 0.0)
(3200.0 3200.0 0.0)
(3200.0 3300.0 0.0)
(3200.0 3400.0 0.0)
(3200.0 3500.0 0.0)
(3200.0 3600.0 0.0)
(3200.0 3700.0 0.0)
(3200.0 3800.0 0.0)
(3200.0 3900.0 0.0)
(3200.0 4000.0 0.0)
(3300.0 0.0 0.0)
(3300.0 100.0 0.0)
(3300.0 200.0 0.0)
(3300.0 300.0 0.0)
(3300.0 400.0 0.0)
(3300.0 500.0 0.0)
(3300.0 600.0 0.0)
(3300.0 700.0 0.0)
(3300.0 800.0 0.0)
(3300.0 900.0 0.0)
(3300.0 1000.0 0.0)
(3300.0 1100.0 0.0)
(3300.0 1200.0 0.0)
(3300.0 1300.0 0.0)
(3300.0 1400.0 0.0)
(3300.0 1500.0 0.0)
(3300.0 1600.0 0.0)
(3300.0 1700.0 0.0)
(3300.0 1800.0 0.0)
(3300.0 1900.0 0.0)
(3300.0 2000.0 0.0)
(3300.0 2100.0 0.0)
(3300.0 2200.0 0.0)
(3300.0 2300.0 0.0)
(3300.0 2400.0 0.0)
(3300.0 2500.0 0.0)
(3300.0 2600.0 0.0)
(3300.0 2700.0 0.0)
(3300.0 2800.0 0.0)
(3300.0 2900.0 0.0)
(3300.0 3000.0 0.0)
(3300.0 3100.0 0.0)
(3300.0 3200.0 0.0)
(3300.0 3300.0 0.0)
(3300.0 3400.0 0.0)
(3300.0 3500.0 0.0)
(3300.0 3600.0 0.0)
(3300.0 3700.0 0.0)
(3300.0 3800.0 0.0)
(3300.0 3900.0 0.0)
(3300.0 4000.0 0.0)
(3400.0 0.0 0.0)
(3400.0 100.0 0.0)
(3400.0 200.0 0.0)
(3400.0 300.0 0.0)
(3400.0 400.0 0.0)
(3400.0 500.0 0.0)
(3400.0 600.0 0.0)
(3400.0 700.0 0.0)
(3400.0 800.0 0.0)
(3400.0 900.0 0.0)
(3400.0 1000.0 0.0)
(3400.0 1100.0 0.0)
(3400.0 1200.0 0.0)
(3400.0 1300.0 0.0)
(3400.0 1400.0 0.0)
(3400.0 1500.0 0.0)
(3400.0 1600.0 0.0)
(3400.0 1700.0 0.0)
(3400.0 1800.0 0.0)
(3400.0 1900.0 0.0)
(3400.0 2000.0 0.0)
(3400.0 2100.0 0.0)
(3400.0 2200.0 0.0)
(3400.0 2300.0 0.0)
(3400.0 2400.0 0.0)
(3400.0 2500.0 0.0)
(3400.0 2600.0 0.0)
(3400.0 2700.0 0.0)
(3400.0 2800.0 0.0)
(3400.0 2900.0 0.0)
(3400.0 3000.0 0.0)
(3400.0 3100.0 0.0)
(3400.0 3200.0 0.0)
(3400.0 3300.0 0.0)
(3400.0 3400.0 0.0)
(3400.0 3500.0 0.0)
(3400.0 3600.0 0.0)
(3400.0 3700.0 0.0)
(3400.0 3800.0 0.0)
(3400.0 3900.0 0.0)
(3400.0 4000.0 0.0)
(3500.0 0.0 0.0)
(3500.0 100.0 0.0)
(3500.0 200.0 0.0)
(3500.0 300.0 0.0)
(3500.0 400.0 0.0)
(3500.0 500.0 0.0)
(3500.0 600.0 0.0)
(3500.0 700.0 0.0)
(3500.0 800.0 0.0)
(3500.0 900.0 0.0)
(3500.0 1000.0 0.0)
(3500.0 1100.0 0.0)
(3500.0 1200.0 0.0)
(3500.0 1300.0 0.0)
(3500.0 1400.0 0.0)
(3500.0 1500.0 0.0)
(3500.0 1600.0 0.0)
(3500.0 1700.0 0.0)
(3500.0 1800.0 0.0)
(3500.0 1900.0 0.0)
(3500.0 2000.0 0.0)
(3500.0 2100.0 0.0)
(3500.0 2200.0 0.0)
(3500.0 2300.0 0.0)
(3500.0 2400.0 0.0)
(3500.0 2500.0 0.0)
(3500.0 2600.0 0.0)
(3500.0 2700.0 0.0)
(3500.0 2800.0 0.0)
(3500.0 2900.0 0.0)
(3500.0 3000.0 0.0)
(3500.0 3100.0 0.0)
(3500.0 3200.0 0.0)
(3500.0 3300.0 0.0)
(3500.0 3400.0 0.0)
(3500.0 3500.0 0.0)
(3500.0 3600.0 0.0)
(3500.0 3700.0 0.0)
(3500.0 3800.0 0.0)
(3500.0 3900.0 0.0)
(3500.0 4000.0 0.0)
(3600.0 0.0 0.0)
(3600.0 100.0 0.0)
(3600.0 200.0 0.0)
(3600.0 300.0 0.0)
(3600.0 400.0 0.0)
(3600.0 500.0 0.0)
(3600.0 600.0 0.0)
(3600.0 700.0 0.0)
(3600.0 800.0 0.0)
(3600.0 900.0 0.0)
(3600.0 1000.0 0.0)
(3600.0 1100.0 0.0)
(3600.0 1200.0 0.0)
(3600.0 1300.0 0.0)
(3600.0 1400.0 0.0)
(3600.0 1500.0 0.0)
(3600.0 1600.0 0.0)
(3600.0 1700.0 0.0)
(3600.0 1800.0 0.0)
(3600.0 1900.0 0.0)
(3600.0 2000.0 0.0)
(3600.0 2100.0 0.0)
(3600.0 2200.0 0.0)
(3600.0 2300.0 0.0)
(3600.0 2400.0 0.0)
(3600.0 2500.0 0.0)
(3600.0 2600.0 0.0)
(3600.0 2700.0 0.0)
(3600.0 2800.0 0.0)
(3600.0 2900.0 0.0)
(3600.0 3000.0 0.0)
(3600.0 3100.0 0.0)
(3600.0 3200.0 0.0)
(3600.0 3300.0 0.0)
(3600.0 3400.0 0.0)
(3600.0 3500.0 0.0)
(3600.0 3600.0 0.0)
(3600.0 3700.0 0.0)
(3600.0 3800.0 0.0)
(3600.0 3900.0 0.0)
(3600.0 4000.0 0.0)
(3700.0 0.0 0.0)
(3700.0 100.0 0.0)
(3700.0 200.0 0.0)
(3700.0 300.0 0.0)
(3700.0 400.0 0.0)
(3700.0 500.0 0.0)
(3700.0 600.0 0.0)
(3700.0 700.0 0.0)
(3700.0 800.0 0.0)
(3700.0 900.0 0.0)
(3700.0 1000.0 0.0)
(3700.0 1100.0 0.0)
(3700.0 1200.0 0.0)
(3700.0 1300.0 0.0)
(3700.0 1400.0 0.0)
(3700.0 1500.0 0.0)
(3700.0 1600.0 0.0)
(3700.0 1700.0 0.0)
(3700.0 1800.0 0.0)
(3700.0 1900.0 0.0)
(3700.0 2000.0 0.0)
(3700.0 2100.0 0.0)
(3700.0 2200.0 0.0)
(3700.0 2300.0 0.0)
(3700.0 2400.0 0.0)
(3700.0 2500.0 0.0)
(3700.0 2600.0 0.0)
(3700.0 2700.0 0.0)
(3700.0 2800.0 0.0)
(3700.0 2900.0 0.0)
(3700.0 3000.0 0.0)
(3700.0 3100.0 0.0)
(3700.0 3200.0 0.0)
(3700.0 3300.0 0.0)
(3700.0 3400.0 0.0)
(3700.0 3500.0 0.0)
(3700.0 3600.0 0.0)
(3700.0 3700.0 0.0)
(3700.0 3800.0 0.0)
(3700.0 3900.0 0.0)
(3700.0 4000.0 0.0)
(3800.0 0.0 0.0)
(3800.0 100.0 0.0)
(3800.0 200.0 0.0)
(3800.0 300.0 0.0)
(3800.0 400.0 0.0)
(3800.0 500.0 0.0)
(3800.0 600.0 0.0)
(3800.0 700.0 0.0)
(3800.0 800.0 0.0)
(3800.0 900.0 0.0)
(3800.0 1000.0 0.0)
(3800.0 1100.0 0.0)
(3800.0 1200.0 0.0)
(3800.0 1300.0 0.0)
(3800.0 1400.0 0.0)
(3800.0 1500.0 0.0)
(3800.0 1600.0 0.0)
(3800.0 1700.0 0.0)
(3800.0 1800.0 0.0)
(3800.0 1900.0 0.0)
(3800.0 2000.0 0.0)
(3800.0 2100.0 0.0)
(3800.0 2200.0 0.0)
(3800.0 2300.0 0.0)
(3800.0 2400.0 0.0)
(3800.0 2500.0 0.0)
(3800.0 2600.0 0.0)
(3800.0 2700.0 0.0)
(3800.0 2800.0 0.0)
(3800.0 2900.0 0.0)
(3800.0 3000.0 0.0)
(3800.0 3100.0 0.0)
(3800.0 3200.0 0.0)
(3800.0 3300.0 0.0)
(3800.0 3400.0 0.0)
(3800.0 3500.0 0.0)
(3800.0 3600.0 0.0)
(3800.0 3700.0 0.0)
(3800.0 3800.0 0.0)
(3800.0 3900.0 0.0)
(3800.0 4000.0 0.0)
(3900.0 0.0 0.0)
(3900.0 100.0 0.0)
(3900.0 200.0 0.0)
(3900.0 300.0 0.0)
(3900.0 400.0 0.0)
(3900.0 500.0 0.0)
(3900.0 600.0 0.0)
(3900.0 700.0 0.0)
(3900.0 800.0 0.0)
(3900.0 900.0 0.0)
(3900.0 1000.0 0.0)
(3900.0 1100.0 0.0)
(3900.0 1200.0 0.0)
(3900.0 1300.0 0.0)
(3900.0 1400.0 0.0)
(3900.0 1500.0 0.0)
(3900.0 1600.0 0.0)
(3900.0 1700.0 0.0)
(3900.0 1800.0 0.0)
(3900.0 1900.0 0.0)
(3900.0 2000.0 0.0)
(3900.0 2100.0 0.0)
(3900.0 2200.0 0.0)
(3900.0 2300.0 0.0)
(3900.0 2400.0 0.0)
(3900.0 2500.0 0.0)
(3900.0 2600.0 0.0)
(3900.0 2700.0 0.0)
(3900.0 2800.0 0.0)
(3900.0 2900.0 0.0)
(3900.0 3000.0 0.0)
(3900.0 3100.0 0.0)
(3900.0 3200.0 0.0)
(3900.0 3300.0 0.0)
(3900.0 3400.0 0.0)
(3900.0 3500.0 0.0)
(3900.0 3600.0 0.0)
(3900.0 3700.0 0.0)
(3900.0 3800.0 0.0)
(3900.0 3900.0 0.0)
(3900.0 4000.0 0.0)
(4000.0 0.0 0.0)
(4000.0 100.0 0.0)
(4000.0 200.0 0.0)
(4000.0 300.0 0.0)
(4000.0 400.0 0.0)
(4000.0 500.0 0.0)
(4000.0 600.0 0.0)
(4000.0 700.0 0.0)
(4000.0 800.0 0.0)
(4000.0 900.0 0.0)
(4000.0 1000.0 0.0)
(4000.0 1100.0 0.0)
(4000.0 1200.0 0.0)
(4000.0 1300.0 0.0)
(4000.0 1400.0 0.0)
(4000.0 1500.0 0.0)
(4000.0 1600.0 0.0)
(4000.0 1700.0 0.0)
(4000.0 1800.0 0.0)
(4000.0 1900.0 0.0)
(4000.0 2000.0 0.0)
(4000.0 2100.0 0.0)
(4000.0 2200.0 0.0)
(4000.0 2300.0 0.0)
(4000.0 2400.0 0.0)
(4000.0 2500.0 0.0)
(4000.0 2600.0 0.0)
(4000.0 2700.0 0.0)
(4000.0 2800.0 0.0)
(4000.0 2900.0 0.0)
(4000.0 3000.0 0.0)
(4000.0 3100.0 0.0)
(4000.0 3200.0 0.0)
(4000.0 3300.0 0.0)
(4000.0 3400.0 0.0)
(4000.0 3500.0 0.0)
(4000.0 3600.0 0.0)
(4000.0 3700.0 0.0)
(4000.0 3800.0 0.0)
(4000.0 3900.0 0.0)
(4000.0 4000.0 0.0)
(4100.0 0.0 0.0)
(4100.0 100.0 0.0)
(4100.0 200.0 0.0)
(4100.0 300.0 0.0)
(4100.0 400.0 0.0)
(4100.0 500.0 0.0)
(4100.0 600.0 0.0)
(4100.0 700.0 0.0)
(4100.0 800.0 0.0)
(4100.0 900.0 0.0)
(4100.0 1000.0 0.0)
(4100.0 1100.0 0.0)
(4100.0 1200.0 0.0)
(4100.0 1300.0 0.0)
(4100.0 1400.0 0.0)
(4100.0 1500.0 0.0)
(4100.0 1600.0 0.0)
(4100.0 1700.0 0.0)
(4100.0 1800.0 0.0)
(4100.0 1900.0 0.0)
(4100.0 2000.0 0.0)
(4100.0 2100.0 0.0)
(4100.0 2200.0 0.0)
(4100.0 2300.0 0.0)
(4100.0 2400.0 0.0)
(4100.0 2500.0 0.0)
(4100.0 2600.0 0.0)
(4100.0 2700.0 0.0)
(4100.0 2800.0 0.0)
(4100.0 2900.0 0.0)
(4100.0 3000.0 0.0)
(4100.0 3100.0 0.0)
(4100.0 3200.0 0.0)
(4100.0 3300.0 0.0)
(4100.0 3400.0 0.0)
(4100.0 3500.0 0.0)
(4100.0 3600.0 0.0)
(4100.0 3700.0 0.0)
(4100.0 3800.0 0.0)
(4100.0 3900.0 0.0)
(4100.0 4000.0 0.0)
(4200.0 0.0 0.0)
(4200.0 100.0 0.0)
(4200.0 200.0 0.0)
(4200.0 300.0 0.0)
(4200.0 400.0 0.0)
(4200.0 500.0 0.0)
(4200.0 600.0 0.0)
(4200.0 700.0 0.0)
(4200.0 800.0 0.0)
(4200.0 900.0 0.0)
(4200.0 1000.0 0.0)
(4200.0 1100.0 0.0)
(4200.0 1200.0 0.0)
(4200.0 1300.0 0.0)
(4200.0 1400.0 0.0)
(4200.0 1500.0 0.0)
(4200.0 1600.0 0.0)
(4200.0 1700.0 0.0)
(4200.0 1800.0 0.0)
(4200.0 1900.0 0.0)
(4200.0 2000.0 0.0)
(4200.0 2100.0 0.0)
(4200.0 2200.0 0.0)
(4200.0 2300.0 0.0)
(4200.0 2400.0 0.0)
(4200.0 2500.0 0.0)
(4200.0 2600.0 0.0)
(4200.0 2700.0 0.0)
(4200.0 2800.0 0.0)
(4200.0 2900.0 0.0)
(4200.0 3000.0 0.0)
(4200.0 3100.0 0.0)
(4200.0 3200.0 0.0)
(4200.0 3300.0 0.0)
(4200.0 3400.0 0.0)
(4200.0 3500.0 0.0)
(4200.0 3600.0 0.0)
(4200.0 3700.0 0.0)
(4200.0 3800.0 0.0)
(4200.0 3900.0 0.0)
(4200.0 4000.0 0.0)
(4300.0 0.0 0.0)
(4300.0 100.0 0.0)
(4300.0 200.0 0.0)
(4300.0 300.0 0.0)
(4300.0 400.0 0.0)
(4300.0 500.0 0.0)
(4300.0 600.0 0.0)
(4300.0 700.0 0.0)
(4300.0 800.0 0.0)
(4300.0 900.0 0.0)
(4300.0 1000.0 0.0)
(4300.0 1100.0 0.0)
(4300.0 1200.0 0.0)
(4300.0 1300.0 0.0)
(4300.0 1400.0 0.0)
(4300.0 1500.0 0.0)
(4300.0 1600.0 0.0)
(4300.0 1700.0 0.0)
(4300.0 1800.0 0.0)
(4300.0 1900.0 0.0)
(4300.0 2000.0 0.0)
(4300.0 2100.0 0.0)
(4300.0 2200.0 0.0)
(4300.0 2300.0 0.0)
(4300.0 2400.0 0.0)
(4300.0 2500.0 0.0)
(4300.0 2600.0 0.0)
(4300.0 2700.0 0.0)
(4300.0 2800.0 0.0)
(4300.0 2900.0 0.0)
(4300.0 3000.0 0.0)
(4300.0 3100.0 0.0)
(4300.0 3200.0 0.0)
(4300.0 3300.0 0.0)
(4300.0 3400.0 0.0)
(4300.0 3500.0 0.0)
(4300.0 3600.0 0.0)
(4300.0 3700.0 0.0)
(4300.0 3800.0 0.0)
(4300.0 3900.0 0.0)
(4300.0 4000.0 0.0)
(4400.0 0.0 0.0)
(4400.0 100.0 0.0)
(4400.0 200.0 0.0)
(4400.0 300.0 0.0)
(4400.0 400.0 0.0)
(4400.0 500.0 0.0)
(4400.0 600.0 0.0)
(4400.0 700.0 0.0)
(4400.0 800.0 0.0)
(4400.0 900.0 0.0)
(4400.0 1000.0 0.0)
(4400.0 1100.0 0.0)
(4400.0 1200.0 0.0)
(4400.0 1300.0 0.0)
(4400.0 1400.0 0.0)
(4400.0 1500.0 0.0)
(4400.0 1600.0 0.0)
(4400.0 1700.0 0.0)
(4400.0 1800.0 0.0)
(4400.0 1900.0 0.0)
(4400.0 2000.0 0.0)
(4400.0 2100.0 0.0)
(4400.0 2200.0 0.0)
(4400.0 2300.0 0.0)
(4400.0 2400.0 0.0)
(4400.0 2500.0 0.0)
(4400.0 2600.0 0.0)
(4400.0 2700.0 0.0)
(4400.0 2800.0 0.0)
(4400.0 2900.0 0.0)
(4400.0 3000.0 0.0)
(4400.0 3100.0 0.0)
(4400.0 3200.0 0.0)
(4400.0 3300.0 0.0)
(4400.0 3400.0 0.0)
(4400.0 3500.0 0.0)
(4400.0 3600.0 0.0)
(4400.0 3700.0 0.0)
(4400.0 3800.0 0.0)
(4400.0 3900.0 0.0)
(4400.0 4000.0 0.0)
(4500.0 0.0 0.0)
(4500.0 100.0 0.0)
(4500.0 200.0 0.0)
(4500.0 300.0 0.0)
(4500.0 400.0 0.0)
(4500.0 500.0 0.0)
(4500.0 600.0 0.0)
(4500.0 700.0 0.0)
(4500.0 800.0 0.0)
(4500.0 900.0 0.0)
(4500.0 1000.0 0.0)
(4500.0 1100.0 0.0)
(4500.0 1200.0 0.0)
(4500.0 1300.0 0.0)
(4500.0 1400.0 0.0)
(4500.0 1500.0 0.0)
(4500.0 1600.0 0.0)
(4500.0 1700.0 0.0)
(4500.0 1800.0 0.0)
(4500.0 1900.0 0.0)
(4500.0 2000.0 0.0)
(4500.0 2100.0 0.0)
(4500.0 2200.0 0.0)
(4500.0 2300.0 0.0)
(4500.0 2400.0 0.0)
(4500.0 2500.0 0.0)
(4500.0 2600.0 0.0)
(4500.0 2700.0 0.0)
(4500.0 2800.0 0.0)
(4500.0 2900.0 0.0)
(4500.0 3000.0 0.0)
(4500.0 3100.0 0.0)
(4500.0 3200.0 0.0)
(4500.0 3300.0 0.0)
(4500.0 3400.0 0.0)
(4500.0 3500.0 0.0)
(4500.0 3600.0 0.0)
(4500.0 3700.0 0.0)
(4500.0 3800.0 0.0)
(4500.0 3900.0 0.0)
(4500.0 4000.0 0.0)
(4600.0 0.0 0.0)
(4600.0 100.0 0.0)
(4600.0 200.0 0.0)
(4600.0 300.0 0.0)
(4600.0 400.0 0.0)
(4600.0 500.0 0.0)
(4600.0 600.0 0.0)
(4600.0 700.0 0.0)
(4600.0 800.0 0.0)
(4600.0 900.0 0.0)
(4600.0 1000.0 0.0)
(4600.0 1100.0 0.0)
(4600.0 1200.0 0.0)
(4600.0 1300.0 0.0)
(4600.0 1400.0 0.0)
(4600.0 1500.0 0.0)
(4600.0 1600.0 0.0)
(4600.0 1700.0 0.0)
(4600.0 1800.0 0.0)
(4600.0 1900.0 0.0)
(4600.0 2000.0 0.0)
(4600.0 2100.0 0.0)
(4600.0 2200.0 0.0)
(4600.0 2300.0 0.0)
(4600.0 2400.0 0.0)
(4600.0 2500.0 0.0)
(4600.0 2600.0 0.0)
(4600.0 2700.0 0.0)
(4600.0 2800.0 0.0)
(4600.0 2900.0 0.0)
(4600.0 3000.0 0.0)
(4600.0 3100.0 0.0)
(4600.0 3200.0 0.0)
(4600.0 3300.0 0.0)
(4600.0 3400.0 0.0)
(4600.0 3500.0 0.0)
(4600.0 3600.0 0.0)
(4600.0 3700.0 0.0)
(4600.0 3800.0 0.0)
(4600.0 3900.0 0.0)
(4600.0 4000.0 0.0)
(4700.0 0.0 0.0)
(4700.0 100.0 0.0)
(4700.0 200.0 0.0)
(4700.0 300.0 0.0)
(4700.0 400.0 0.0)
(4700.0 500.0 0.0)
(4700.0 600.0 0.0)
(4700.0 700.0 0.0)
(4700.0 800.0 0.0)
(4700.0 900.0 0.0)
(4700.0 1000.0 0.0)
(4700.0 1100.0 0.0)
(4700.0 1200.0 0.0)
(4700.0 1300.0 0.0)
(4700.0 1400.0 0.0)
(4700.0 1500.0 0.0)
(4700.0 1600.0 0.0)
(4700.0 1700.0 0.0)
(4700.0 1800.0 0.0)
(4700.0 1900.0 0.0)
(4700.0 2000.0 0.0)
(4700.0 2100.0 0.0)
(4700.0 2200.0 0.0)
(4700.0 2300.0 0.0)
(4700.0 2400.0 0.0)
(4700.0 2500.0 0.0)
(4700.0 2600.0 0.0)
(4700.0 2700.0 0.0)
(4700.0 2800.0 0.0)
(4700.0 2900.0 0.0)
(4700.0 3000.0 0.0)
(4700.0 3100.0 0.0)
(4700.0 3200.0 0.0)
(4700.0 3300.0 0.0)
(4700.0 3400.0 0.0)
(4700.0 3500.0 0.0)
(4700.0 3600.0 0.0)
(4700.0 3700.0 0.0)
(4700.0 3800.0 0.0)
(4700.0 3900.0 0.0)
(4700.0 4000.0 0.0)
(4800.0 0.0 0.0)
(4800.0 100.0 0.0)
(4800.0 200.0 0.0)
(4800.0 300.0 0.0)
(4800.0 400.0 0.0)
(4800.0 500.0 0.0)
(4800.0 600.0 0.0)
(4800.0 700.0 0.0)
(4800.0 800.0 0.0)
(4800.0 900.0 0.0)
(4800.0 1000.0 0.0)
(4800.0 1100.0 0.0)
(4800.0 1200.0 0.0)
(4800.0 1300.0 0.0)
(4800.0 1400.0 0.0)
(4800.0 1500.0 0.0)
(4800.0 1600.0 0.0)
(4800.0 1700.0 0.0)
(4800.0 1800.0 0.0)
(4800.0 1900.0 0.0)
(4800.0 2000.0 0.0)
(4800.0 2100.0 0.0)
(4800.0 2200.0 0.0)
(4800.0 2300.0 0.0)
(4800.0 2400.0 0.0)
(4800.0 2500.0 0.0)
(4800.0 2600.0 0.0)
(4800.0 2700.0 0.0)
(4800.0 2800.0 0.0)
(4800.0 2900.0 0.0)
(4800.0 3000.0 0.0)
(4800.0 3100.0 0.0)
(4800.0 3200.0 0.0)
(4800.0 3300.0 0.0)
(4800.0 3400.0 0.0)
(4800.0 3500.0 0.0)
(4800.0 3600.0 0.0)
(4800.0 3700.0 0.0)
(4800.0 3800.0 0.0)
(4800.0 3900.0 0.0)
(4800.0 4000.0 0.0)
(4900.0 0.0 0.0)
(4900.0 100.0 0.0)
(4900.0 200.0 0.0)
(4900.0 300.0 0.0)
(4900.0 400.0 0.0)
(4900.0 500.0 0.0)
(4900.0 600.0 0.0)
(4900.0 700.0 0.0)
(4900.0 800.0 0.0)
(4900.0 900.0 0.0)
(4900.0 1000.0 0.0)
(4900.0 1100.0 0.0)
(4900.0 1200.0 0.0)
(4900.0 1300.0 0.0)
(4900.0 1400.0 0.0)
(4900.0 1500.0 0.0)
(4900.0 1600.0 0.0)
(4900.0 1700.0 0.0)
(4900.0 1800.0 0.0)
(4900.0 1900.0 0.0)
(4900.0 2000.0 0.0)
(4900.0 2100.0 0.0)
(4900.0 2200.0 0.0)
(4900.0 2300.0 0.0)
(4900.0 2400.0 0.0)
(4900.0 2500.0 0.0)
(4900.0 2600.0 0.0)
(4900.0 2700.0 0.0)
(4900.0 2800.0 0.0)
(4900.0 2900.0 0.0)
(4900.0 3000.0 0.0)
(4900.0 3100.0 0.0)
(4900.0 3200.0 0.0)
(4900.0 3300.0 0.0)
(4900.0 3400.0 0.0)
(4900.0 3500.0 0.0)
(4900.0 3600.0 0.0)
(4900.0 3700.0 0.0)
(4900.0 3800.0 0.0)
(4900.0 3900.0 0.0)
(4900.0 4000.0 0.0)
(5000.0 0.0 0.0)
(5000.0 100.0 0.0)
(5000.0 200.0 0.0)
(5000.0 300.0 0.0)
(5000.0 400.0 0.0)
(5000.0 500.0 0.0)
(5000.0 600.0 0.0)
(5000.0 700.0 0.0)
(5000.0 800.0 0.0)
(5000.0 900.0 0.0)
(5000.0 1000.0 0.0)
(5000.0 1100.0 0.0)
(5000.0 1200.0 0.0)
(5000.0 1300.0 0.0)
(5000.0 1400.0 0.0)
(5000.0 1500.0 0.0)
(5000.0 1600.0 0.0)
(5000.0 1700.0 0.0)
(5000.0 1800.0 0.0)
(5000.0 1900.0 0.0)
(5000.0 2000.0 0.0)
(5000.0 2100.0 0.0)
(5000.0 2200.0 0.0)
(5000.0 2300.0 0.0)
(5000.0 2400.0 0.0)
(5000.0 2500.0 0.0)
(5000.0 2600.0 0.0)
(5000.0 2700.0 0.0)
(5000.0 2800.0 0.0)
(5000.0 2900.0 0.0)
(5000.0 3000.0 0.0)
(5000.0 3100.0 0.0)
(5000.0 3200.0 0.0)
(5000.0 3300.0 0.0)
(5000.0 3400.0 0.0)
(5000.0 3500.0 0.0)
(5000.0 3600.0 0.0)
(5000.0 3700.0 0.0)
(5000.0 3800.0 0.0)
(5000.0 3900.0 0.0)
(5000.0 4000.0 0.0)
)


// ************************************************************************* //
